49 223
1 2
1 3
1 5
1 11
1 14
1 19
1 20
1 28
1 29
1 31
1 33
1 34
1 37
1 38
1 42
1 48
1 49
2 4
2 15
2 17
2 25
2 27
2 32
2 33
2 34
2 39
2 44
2 49
3 14
3 24
3 26
3 27
3 30
3 32
3 35
3 38
3 41
3 43
3 46
3 47
4 18
4 19
4 40
4 41
4 43
4 44
4 45
4 46
5 9
5 11
5 13
5 21
5 24
5 28
5 34
5 42
5 43
5 44
5 45
5 48
6 14
6 16
6 18
6 34
6 38
6 43
7 10
7 14
7 15
7 21
7 22
7 31
7 38
7 40
7 45
7 49
8 11
8 24
8 26
8 32
8 36
8 45
8 48
8 49
9 10
9 17
9 22
9 27
9 33
9 35
9 39
9 43
10 14
10 18
10 22
10 25
10 26
10 27
10 29
10 36
10 37
10 38
10 40
10 47
10 49
11 18
11 21
11 27
11 36
11 48
12 39
12 40
12 44
12 46
13 14
13 18
13 19
13 30
13 37
13 41
14 17
14 27
14 33
14 34
14 40
14 41
14 43
14 44
14 49
15 28
15 34
15 36
15 37
15 40
15 43
15 46
16 24
16 26
16 32
16 35
16 37
16 40
16 42
16 48
17 22
18 22
18 28
18 39
18 42
19 22
19 23
19 33
19 34
19 36
19 37
19 41
19 47
20 23
20 24
20 41
20 43
20 46
20 48
21 29
21 31
21 45
21 46
22 28
22 39
22 40
22 43
23 25
23 39
23 42
23 44
23 48
24 25
24 43
24 44
25 26
25 37
25 39
25 48
26 31
26 32
26 34
26 36
26 49
27 49
29 48
30 34
30 40
30 49
31 36
31 40
31 45
31 46
32 34
32 39
32 40
32 48
33 35
33 42
33 43
33 49
34 35
34 38
34 39
34 46
35 46
36 39
36 42
36 44
36 45
37 43
37 45
38 45
38 49
39 49
41 47
42 49
44 49
45 48
