n_exams probability_pairs seed_gen seed_program min_time_slots time_in_seconds
20 65 725 2555 7 0.140671 
20 65 22641 24848 7 0.096151 
20 65 21476 7152 8 1.315136 
20 65 3571 22136 7 0.029606 
20 65 13663 13831 7 0.270039 
20 65 17255 5507 7 0.038953 
20 65 27266 16367 7 0.720966 
20 65 29206 1622 7 0.075421 
20 65 28523 27263 7 0.066965 
20 65 25753 23652 7 0.067409 
20 65 1230 7659 7 0.017896 
20 65 7811 6324 8 4.154325 
20 65 7963 26273 8 0.574796 
20 65 7510 4210 7 0.005461 
20 65 13929 27163 7 0.012046 
20 65 23652 474 6 0.006012 
20 65 17914 17698 8 0.315652 
20 65 100 27609 8 0.376827 
20 65 9112 7538 7 0.026640 
20 65 19244 16354 8 0.293569 
20 65 15023 27938 8 0.291693 
20 65 14507 6330 8 0.577722 
20 65 10629 24097 8 0.385807 
20 65 27914 13714 8 0.349722 
20 65 29297 25714 7 0.473036 
20 65 8848 29051 8 0.475336 
20 65 24902 26241 7 0.029047 
20 65 9831 1840 8 8.870272 
20 65 18254 26312 7 0.050778 
20 65 11294 29663 8 0.059213 
20 65 8838 19468 7 0.023181 
20 65 14955 8254 7 0.014422 
20 65 3740 18748 7 0.037959 
20 65 15869 11842 7 0.039242 
20 65 27536 5229 8 0.003580 
20 65 10148 11575 7 0.008284 
20 65 5958 26065 8 0.713838 
20 65 8726 24123 7 0.176977 
20 65 6111 17400 7 0.247747 
20 65 4898 25917 8 0.570662 
20 66 5497 27271 7 0.019195 
20 66 29746 26433 7 0.007790 
20 66 11484 2233 8 2.582559 
20 66 5665 15414 8 0.187245 
20 66 25324 21613 7 0.251710 
20 66 15616 4537 7 0.032543 
20 66 7821 27960 7 0.016054 
20 66 8381 854 7 0.013479 
20 66 246 12060 7 0.269685 
20 66 25469 24649 8 0.877103 
20 66 10971 11442 8 2.807558 
20 66 1167 23306 7 0.012138 
20 66 21873 1550 7 0.223085 
20 66 19868 28809 7 0.012629 
20 66 29469 19385 7 0.007465 
20 66 12945 7834 7 0.035115 
20 66 25695 2459 7 0.020797 
20 66 20168 24043 8 3.020353 
20 66 11325 13576 8 0.938337 
20 66 27030 2270 8 0.129850 
20 66 13403 26728 8 1.399537 
20 66 1254 1292 7 0.072318 
20 66 45 8331 8 0.346740 
20 66 24420 23229 7 0.149234 
20 66 15122 24498 8 0.128527 
20 66 23174 8041 8 0.250818 
20 66 9295 20174 8 0.228129 
20 66 13503 20387 7 0.041189 
20 66 8662 18193 7 0.017721 
20 66 12460 25358 7 0.332842 
20 66 2484 18770 7 0.032978 
20 66 13972 6819 7 0.009222 
20 66 21137 19263 7 0.075596 
20 66 7785 19893 7 0.019884 
20 66 15665 29569 7 0.107631 
20 66 19180 11895 8 0.209454 
20 66 26264 25525 7 0.025681 
20 66 15878 28964 8 0.381332 
20 66 4177 15410 8 2.212432 
20 66 29904 8283 7 0.042232 
20 67 18441 18297 8 0.721969 
20 67 5910 29079 8 5.884215 
20 67 16142 169 7 0.040673 
20 67 25955 1940 8 0.087883 
20 67 23934 12473 7 0.040952 
20 67 12850 3766 7 0.138707 
20 67 12229 26214 7 0.053272 
20 67 20011 5210 7 0.053700 
20 67 8023 16598 8 0.183154 
20 67 592 9080 8 0.392879 
20 67 21312 20826 8 0.123876 
20 67 18159 27474 7 0.004396 
20 67 6921 26592 7 0.002934 
20 67 9922 28999 8 1.788100 
20 67 26886 15058 7 0.110765 
20 67 12217 20190 7 0.767231 
20 67 17214 4796 7 0.108820 
20 67 24786 16830 8 0.938331 
20 67 29414 25040 6 0.008811 
20 67 18777 10881 7 0.071392 
20 67 4605 16556 7 0.014541 
20 67 25485 16631 7 0.010788 
20 67 23321 9132 7 0.049171 
20 67 2948 22768 8 6.803522 
20 67 13205 6791 8 0.666894 
20 67 9052 10688 7 0.014488 
20 67 20361 18370 7 0.212276 
20 67 15458 6226 7 0.082050 
20 67 17514 24316 8 0.850117 
20 67 7791 15574 7 0.069608 
20 67 12691 25292 7 0.040983 
20 67 6235 21657 8 0.910625 
20 67 6606 7414 7 0.313464 
20 67 29949 10007 7 0.019533 
20 67 9028 13774 7 0.014743 
20 67 13718 5469 8 0.678278 
20 67 28403 4633 7 0.081866 
20 67 8224 26961 8 0.428307 
20 67 19630 7818 7 0.011350 
20 67 406 19066 7 0.409401 
20 68 16425 1540 7 0.077372 
20 68 134 27042 8 0.076709 
20 68 11157 13248 7 0.018994 
20 68 7684 17222 8 1.294753 
20 68 159 9262 7 0.167408 
20 68 25267 385 9 4.916414 
20 68 19523 16690 8 0.971433 
20 68 12269 23026 8 1.021561 
20 68 19564 17498 8 0.189122 
20 68 1733 7761 7 0.015516 
20 68 9442 18948 7 0.030887 
20 68 1962 5552 8 0.214218 
20 68 20696 18371 8 0.304135 
20 68 7655 20516 8 0.209366 
20 68 6901 5842 8 0.962071 
20 68 20784 13732 8 1.659816 
20 68 16882 1694 8 5.900425 
20 68 271 27283 7 0.011136 
20 68 3366 14858 7 0.002614 
20 68 23288 22149 7 0.402861 
20 68 19301 10396 8 0.444795 
20 68 27706 5057 8 0.192532 
20 68 4451 11305 8 0.142211 
20 68 19036 14311 9 0.322344 
20 68 11593 22290 8 0.337455 
20 68 22862 24669 7 0.037354 
20 68 3987 21438 9 1.115107 
20 68 19453 28540 8 5.990714 
20 68 2809 2435 8 0.665421 
20 68 5854 3798 8 0.498841 
20 68 23101 18687 8 0.666274 
20 68 5173 1680 7 0.094304 
20 68 22627 9490 6 0.035505 
20 68 15612 3023 7 0.008689 
20 68 19334 9030 7 0.005109 
20 68 20308 22689 7 0.068846 
20 68 13886 28652 7 0.029694 
20 68 11386 23451 8 0.643200 
20 68 9574 24448 8 0.058525 
20 68 7248 29153 7 0.112478 
20 69 11154 8481 7 0.079163 
20 69 20773 2153 8 1.997903 
20 69 2401 22625 9 2.674710 
20 69 24364 20819 8 0.142269 
20 69 9700 5448 8 0.262019 
20 69 28961 1300 10 86.249991 
20 69 4907 17578 8 0.118498 
20 69 2335 20662 9 1.684397 
20 69 4397 26446 8 0.649008 
20 69 10585 12984 7 0.029140 
20 69 18048 11825 7 0.179441 
20 69 20573 4586 8 0.068449 
20 69 14876 15578 8 1.450426 
20 69 19973 5444 7 0.000781 
20 69 6072 24910 7 0.006361 
20 69 13474 11593 8 0.694120 
20 69 15132 15970 8 0.061767 
20 69 12436 9030 9 5.788228 
20 69 22904 25260 8 0.185691 
20 69 8369 27901 7 0.090626 
20 69 29858 13506 7 0.352815 
20 69 1923 17864 7 0.046677 
20 69 12968 28688 8 4.996940 
20 69 10724 20847 9 0.079859 
20 69 29047 6504 7 0.289777 
20 69 26690 15391 8 0.117555 
20 69 28558 6647 9 19.291717 
20 69 15702 821 7 0.054705 
20 69 27666 12850 8 0.299069 
20 69 10623 26902 8 0.159307 
20 69 5971 8175 8 0.332457 
20 69 4277 18186 8 0.255981 
20 69 5002 20417 8 0.147519 
20 69 20508 26707 8 0.282009 
20 69 27643 27022 8 0.079626 
20 69 12980 6361 7 0.013060 
20 69 29152 18444 8 1.319143 
20 69 18747 22748 8 3.490411 
20 69 29731 27326 8 0.285398 
20 69 3709 12462 7 0.606965 
20 70 8176 4726 8 0.184827 
20 70 21731 22199 7 0.058934 
20 70 20693 9023 8 0.967659 
20 70 12278 6924 8 0.545601 
20 70 6979 3453 9 1.646975 
20 70 2265 28662 7 0.034950 
20 70 25424 21011 8 0.641081 
20 70 14974 16948 8 0.839906 
20 70 11215 25919 9 2.930230 
20 70 10616 17697 8 0.274371 
20 70 15847 16440 8 0.305778 
20 70 28059 27036 9 2.160902 
20 70 1953 20874 8 0.082783 
20 70 18658 10143 8 0.338070 
20 70 11640 8462 7 0.019071 
20 70 10852 3930 8 0.127982 
20 70 8943 25747 8 0.109229 
20 70 28565 25636 8 2.199329 
20 70 5119 29142 9 13.720453 
20 70 27935 5358 10 133.452867 
20 70 14121 14468 7 0.053559 
20 70 23919 4589 7 0.157776 
20 70 8606 2530 9 0.264736 
20 70 25372 2892 8 0.294730 
20 70 8190 17109 7 0.007945 
20 70 8139 26217 8 0.344353 
20 70 14509 20013 7 0.250910 
20 70 24743 17606 7 0.004962 
20 70 17343 8131 8 0.083363 
20 70 1981 2117 8 0.393846 
20 70 27933 15319 7 0.045016 
20 70 10085 22819 9 1.810976 
20 70 10432 13209 8 0.734917 
20 70 17031 3974 9 3.959534 
20 70 4504 16918 7 0.004029 
20 70 26120 2958 8 0.876890 
20 70 19001 29806 10 143.978146 
20 70 22338 11177 7 0.185248 
20 70 6725 542 8 1.362484 
20 70 2749 21311 7 0.111929 
20 71 6594 14497 7 0.034054 
20 71 14461 10794 8 0.558570 
20 71 22474 14554 9 22.581139 
20 71 22522 7505 8 0.767930 
20 71 1144 6019 8 0.090201 
20 71 27827 29847 9 0.149955 
20 71 23634 7515 7 0.011787 
20 71 8961 15231 9 5.639694 
20 71 13660 13188 9 0.967257 
20 71 27404 2179 9 1.710097 
20 71 13847 27607 9 1.647224 
20 71 11435 23339 9 2.615487 
20 71 11083 26073 7 0.035033 
20 71 24784 19776 7 0.007520 
20 71 20597 4366 9 0.909847 
20 71 1945 9600 8 0.090238 
20 71 20855 26404 9 0.417034 
20 71 22915 23977 7 0.017202 
20 71 63 20395 8 0.041724 
20 71 10588 27418 9 5.276631 
20 71 15188 22135 9 6.642494 
20 71 1637 6111 8 0.046165 
20 71 5506 584 9 2.873943 
20 71 8218 20314 8 1.148751 
20 71 20426 24451 8 0.037688 
20 71 15914 17521 8 1.897132 
20 71 2652 4205 9 0.372217 
20 71 15519 11151 9 8.687623 
20 71 23260 12336 8 0.058942 
20 71 6465 3473 8 0.840018 
20 71 12446 21239 7 0.034174 
20 71 14262 13940 8 0.020194 
20 71 22527 357 8 4.894887 
20 71 13539 7265 8 0.256024 
20 71 9777 1582 8 0.120342 
20 71 29309 23052 9 0.424118 
20 71 19911 14997 9 5.316341 
20 71 1244 29014 8 0.077365 
20 71 19014 10454 9 9.647417 
20 71 27126 2260 7 0.016832 
20 72 9508 24936 8 0.162749 
20 72 9835 15582 8 0.170842 
20 72 15770 29741 8 0.071266 
20 72 14940 813 9 3.450531 
20 72 13137 25776 9 0.609559 
20 72 5023 16680 9 1.358706 
20 72 12 3269 9 8.720633 
20 72 26375 27062 8 0.250144 
20 72 18732 26721 8 0.234183 
20 72 10410 9777 8 0.034644 
20 72 29360 15308 8 0.492904 
20 72 7534 2020 9 1.378702 
20 72 25374 986 8 0.212123 
20 72 1446 25544 8 0.575865 
20 72 7139 29520 8 0.277987 
20 72 19166 7463 7 0.021193 
20 72 8846 26310 8 0.090594 
20 72 14900 15956 7 0.073100 
20 72 2087 19423 9 16.410298 
20 72 11527 18107 8 0.024622 
20 72 25008 15838 9 6.301901 
20 72 13135 4174 8 0.180547 
20 72 25344 7425 8 0.101205 
20 72 19212 13838 8 0.072760 
20 72 4060 8440 8 0.396231 
20 72 904 17721 9 15.527361 
20 72 12869 14563 9 0.450421 
20 72 23017 25237 8 0.174998 
20 72 23404 7035 8 0.066174 
20 72 24837 24280 8 1.605343 
20 72 7179 2635 7 0.079616 
20 72 9469 26359 8 0.161325 
20 72 7779 2113 8 0.027394 
20 72 26318 1177 9 0.078642 
20 72 20886 3506 7 0.025165 
20 72 9654 22654 8 0.685688 
20 72 28100 11902 7 0.013413 
20 72 28168 21277 8 1.043079 
20 72 13349 23277 9 4.865407 
20 72 14976 21612 8 0.145676 
20 73 1470 14982 8 0.135795 
20 73 18973 5345 7 0.037077 
20 73 8507 19980 7 0.095665 
20 73 8424 21060 7 0.025690 
20 73 13601 27778 8 0.472043 
20 73 5825 27168 8 0.063915 
20 73 11233 24658 8 0.316728 
20 73 22476 14361 8 0.019721 
20 73 21158 11787 9 3.889664 
20 73 10772 8164 9 4.748894 
20 73 4494 27831 9 0.901703 
20 73 24007 7775 8 0.156887 
20 73 13597 12521 8 0.116180 
20 73 17441 26489 8 0.580187 
20 73 16877 15847 8 0.975501 
20 73 3841 3603 7 0.020498 
20 73 10159 3146 8 0.083149 
20 73 8675 21097 8 2.161793 
20 73 4880 1308 8 0.178847 
20 73 2458 11091 8 0.610898 
20 73 11951 25308 8 0.158440 
20 73 113 4882 8 1.629193 
20 73 16820 7705 10 26.561355 
20 73 6134 10809 9 5.246337 
20 73 17087 3313 8 0.191761 
20 73 24570 10721 9 1.193275 
20 73 25881 17771 9 8.412637 
20 73 17460 15308 10 4.761452 
20 73 22690 23396 8 0.062918 
20 73 27701 29361 8 0.780761 
20 73 249 5049 8 0.405035 
20 73 17777 10800 10 71.528640 
20 73 11394 26674 8 0.067282 
20 73 28456 10127 9 2.655202 
20 73 16525 18548 8 0.618999 
20 73 21071 2503 8 0.534920 
20 73 21406 10972 -1 180.000001 
20 73 29862 13020 8 2.645564 
20 73 2941 15086 7 0.034538 
20 73 373 17718 8 0.019735 
20 74 9661 23211 7 0.004661 
20 74 9673 10120 9 0.864751 
20 74 4772 7420 9 2.844271 
20 74 8887 11194 8 0.063364 
20 74 14164 16292 8 0.530264 
20 74 13049 4550 8 0.218120 
20 74 332 2228 8 0.287256 
20 74 13646 10200 9 2.252205 
20 74 8546 27560 8 0.158225 
20 74 3665 28703 8 0.080849 
20 74 9880 4116 9 2.498664 
20 74 2108 29098 8 0.038166 
20 74 5599 28332 8 0.120025 
20 74 19835 23194 8 1.020349 
20 74 27774 5321 8 0.744418 
20 74 19395 23060 9 0.593876 
20 74 16324 24723 9 8.554113 
20 74 19185 5899 9 1.082799 
20 74 19405 26958 7 0.006244 
20 74 17489 5054 8 0.091190 
20 74 5821 26514 9 1.924863 
20 74 28325 13308 8 0.164502 
20 74 16746 1271 9 9.027621 
20 74 26385 3381 10 40.806535 
20 74 5311 15258 10 4.156620 
20 74 7505 6638 8 0.029809 
20 74 7130 424 9 10.939311 
20 74 19753 11626 8 0.076132 
20 74 7774 27118 8 0.216474 
20 74 8953 27301 9 0.513820 
20 74 21414 5919 8 0.021309 
20 74 11884 3021 8 0.021310 
20 74 20081 915 8 0.104523 
20 74 7854 5964 8 0.480771 
20 74 20910 27948 9 3.814073 
20 74 15202 4910 8 0.287189 
20 74 7449 26030 8 0.099673 
20 74 16713 24515 7 0.002320 
20 74 18673 10441 8 0.299472 
20 74 18862 9812 8 1.595194 
20 75 11346 17527 8 0.740246 
20 75 21598 4373 8 0.112056 
20 75 4473 18142 9 0.472585 
20 75 2684 25024 7 0.017736 
20 75 24926 10217 9 5.515261 
20 75 7491 7299 9 3.195481 
20 75 3106 10360 9 0.397358 
20 75 1037 28030 8 0.012162 
20 75 1469 4495 8 0.024445 
20 75 23011 6728 9 1.095252 
20 75 23172 14441 9 0.601450 
20 75 28450 17850 9 2.617748 
20 75 21778 11911 10 20.624292 
20 75 17992 16067 10 84.884160 
20 75 19745 14850 9 0.226351 
20 75 13236 8430 9 16.210179 
20 75 3079 18260 9 9.032064 
20 75 21253 8070 8 0.038322 
20 75 16372 17898 9 1.668188 
20 75 24790 2377 8 0.178959 
20 75 28682 1585 9 0.997715 
20 75 26209 1123 9 6.260586 
20 75 3538 21557 9 1.860975 
20 75 12473 29014 10 69.435116 
20 75 487 28467 8 0.163866 
20 75 15399 24575 8 0.640566 
20 75 19805 14485 9 0.956264 
20 75 13372 9220 8 0.130687 
20 75 8441 15440 10 10.540184 
20 75 25052 4278 9 3.332051 
20 75 14997 26981 8 0.491351 
20 75 1749 7286 9 2.381098 
20 75 11562 11541 9 6.694773 
20 75 15401 19114 9 1.455864 
20 75 22998 1217 8 0.234791 
20 75 15761 1442 9 3.469782 
20 75 7304 8177 9 0.511097 
20 75 9411 20013 8 0.070504 
20 75 17902 22049 8 1.496122 
20 75 17747 18110 8 0.038079 
20 76 11064 28878 8 0.097901 
20 76 16322 22893 8 0.073509 
20 76 20119 21485 8 7.524145 
20 76 11039 27583 9 1.935312 
20 76 14093 504 9 0.516288 
20 76 14701 16678 9 2.026089 
20 76 21384 2554 8 0.047520 
20 76 23930 20538 9 1.840571 
20 76 29963 27027 9 11.865037 
20 76 26682 10490 9 5.568016 
20 76 19972 20290 7 0.053022 
20 76 17644 7022 9 1.248998 
20 76 19833 15892 8 0.034245 
20 76 27146 20228 8 0.146247 
20 76 5795 8717 8 0.072905 
20 76 22124 9223 8 0.081168 
20 76 18715 15283 9 0.290707 
20 76 1213 26134 9 5.307575 
20 76 24146 2119 8 0.210758 
20 76 2770 3294 9 0.789971 
20 76 29737 24024 9 0.882748 
20 76 24010 25463 10 22.271448 
20 76 796 11561 9 17.957752 
20 76 24022 852 8 0.388490 
20 76 19106 27906 8 0.093379 
20 76 17440 26348 9 1.174734 
20 76 23225 16940 9 0.915190 
20 76 7952 5306 8 0.064718 
20 76 4375 10771 9 0.569145 
20 76 7440 4962 8 0.075306 
20 76 28876 5642 8 0.024654 
20 76 21181 11116 8 0.187519 
20 76 22464 3129 8 0.151738 
20 76 29011 28669 9 1.469262 
20 76 29128 10678 10 6.545405 
20 76 7444 14166 10 62.841565 
20 76 7440 12033 9 1.202854 
20 76 14601 5448 8 2.150564 
20 76 29810 15689 8 0.097560 
20 76 13828 29249 8 1.394699 
20 77 24831 24170 9 2.332358 
20 77 7817 11939 7 0.001928 
20 77 966 2453 10 13.271608 
20 77 325 16493 9 0.628383 
20 77 21454 2300 10 5.912229 
20 77 12746 4171 10 3.756998 
20 77 11621 23589 10 19.588037 
20 77 26908 4319 8 0.029773 
20 77 1597 14500 10 2.917236 
20 77 28959 18593 9 3.652165 
20 77 14334 8704 9 0.714077 
20 77 2641 27398 8 0.101542 
20 77 5201 12216 8 0.230463 
20 77 27218 12639 9 3.688809 
20 77 17816 14114 9 0.389409 
20 77 29830 18164 8 0.212849 
20 77 1619 29974 8 0.078922 
20 77 5947 28883 9 5.059814 
20 77 28939 2326 9 2.747474 
20 77 6534 21619 9 1.241179 
20 77 16754 543 9 2.360632 
20 77 25374 20623 10 4.662404 
20 77 350 22823 8 0.112538 
20 77 9869 18892 8 0.551976 
20 77 24246 11396 8 0.038626 
20 77 14185 9136 9 0.747379 
20 77 4418 19941 10 27.304871 
20 77 11786 16572 8 0.233367 
20 77 19311 9423 10 18.661524 
20 77 17001 13792 10 2.854045 
20 77 3348 14002 9 0.123899 
20 77 27523 26545 10 36.187919 
20 77 8286 23025 9 0.309688 
20 77 20713 20269 8 0.676695 
20 77 290 21531 8 0.030609 
20 77 2235 5164 9 0.402205 
20 77 14524 18314 8 8.822379 
20 77 9467 28072 9 0.098759 
20 77 11265 29303 10 9.200032 
20 77 8727 27470 10 16.910534 
20 78 14140 27883 -1 180.000001 
20 78 14360 20994 9 0.479324 
20 78 28236 15050 9 0.922889 
20 78 7814 5588 8 0.129969 
20 78 107 5261 8 0.872030 
20 78 25267 19923 8 0.791328 
20 78 18645 3660 9 1.060423 
20 78 26981 26996 9 6.997644 
20 78 4233 27157 9 2.491097 
20 78 16644 3422 9 0.444823 
20 78 3519 963 11 11.623945 
20 78 16922 13785 9 5.656870 
20 78 2977 17292 8 0.191935 
20 78 9186 16062 9 0.203230 
20 78 12726 27727 10 27.957833 
20 78 22881 27673 9 0.227144 
20 78 18997 20028 9 2.498340 
20 78 22644 22979 9 3.125390 
20 78 29236 19202 10 11.648069 
20 78 9172 18440 -1 180.000001 
20 78 18377 19214 10 40.871012 
20 78 19609 11045 10 22.728345 
20 78 11742 14376 9 1.558481 
20 78 583 17234 8 0.020478 
20 78 26745 25751 9 1.126066 
20 78 28575 18106 9 0.540635 
20 78 26551 16419 10 4.098369 
20 78 10053 13973 9 7.184362 
20 78 1062 179 8 0.124365 
20 78 28763 28298 9 1.140711 
20 78 2835 1377 9 0.905356 
20 78 13766 19932 9 2.343230 
20 78 13302 5282 10 22.419609 
20 78 25365 21250 8 0.908423 
20 78 18780 2266 10 104.569988 
20 78 29687 23069 9 1.492642 
20 78 20196 6291 9 1.144612 
20 78 743 19482 10 18.870169 
20 78 26530 1734 9 0.073958 
20 78 2006 4976 -1 180.000001 
20 79 22673 12560 9 3.989116 
20 79 13976 14152 9 2.648182 
20 79 7256 15144 9 0.119251 
20 79 6075 11113 9 0.443894 
20 79 17647 22823 10 3.093520 
20 79 10903 5120 8 0.124856 
20 79 14641 3739 8 0.264266 
20 79 23154 21193 9 2.180017 
20 79 13586 5923 9 0.316262 
20 79 1298 26224 9 1.258423 
20 79 21339 14352 9 1.621853 
20 79 18334 21523 9 7.655203 
20 79 19259 20445 9 3.354070 
20 79 17698 21940 10 30.755122 
20 79 20113 9179 10 14.340374 
20 79 7473 1599 9 0.319351 
20 79 8749 23166 8 0.059046 
20 79 2072 16027 10 51.926384 
20 79 21135 19162 9 0.803532 
20 79 23206 1854 11 63.299743 
20 79 22683 21592 9 2.380988 
20 79 21691 11268 -1 180.000001 
20 79 3918 18557 10 7.114687 
20 79 20297 11082 8 0.217988 
20 79 28496 2890 9 0.625580 
20 79 15911 22955 9 1.792837 
20 79 24890 25518 8 2.798082 
20 79 12200 4706 10 4.066395 
20 79 19965 521 10 3.663411 
20 79 17742 17821 10 14.279756 
20 79 1744 17372 9 1.873262 
20 79 25311 19251 9 0.301632 
20 79 28154 18502 9 0.723752 
20 79 28373 29802 9 2.016829 
20 79 23678 8152 9 0.794959 
20 79 10051 29738 10 22.862113 
20 79 21040 23852 9 0.081722 
20 79 19762 13327 8 0.700809 
20 79 23078 2114 -1 180.000001 
20 79 19370 1216 10 19.270503 
20 80 7474 22009 9 0.966735 
20 80 13638 15753 10 1.767882 
20 80 1412 2631 8 0.038566 
20 80 27827 16758 10 2.163342 
20 80 5705 4461 9 5.090414 
20 80 19446 21931 9 0.862967 
20 80 29555 26930 10 28.627404 
20 80 4173 13648 9 1.113629 
20 80 6524 6779 9 1.267477 
20 80 17031 25300 9 0.311946 
20 80 26644 12867 9 0.651022 
20 80 17704 25298 10 35.462503 
20 80 27020 5145 10 11.355699 
20 80 7239 25867 9 2.423067 
20 80 17635 12768 8 0.261096 
20 80 24529 25936 10 0.747634 
20 80 3259 22318 8 0.406156 
20 80 909 14680 8 0.077911 
20 80 25397 3325 10 0.663205 
20 80 17887 142 10 3.949019 
20 80 11297 25639 10 6.520509 
20 80 25864 9828 9 19.856762 
20 80 22358 4368 9 1.164735 
20 80 12770 7480 9 0.378122 
20 80 10686 22301 10 11.737807 
20 80 13672 11458 9 3.684535 
20 80 19560 16630 -1 180.000001 
20 80 15615 7465 10 3.922351 
20 80 13138 25615 9 0.719928 
20 80 4817 8908 11 149.684407 
20 80 3025 29703 9 0.557182 
20 80 3226 8478 9 0.260863 
20 80 15556 14141 9 1.101053 
20 80 16443 15398 10 34.044326 
20 80 29124 18788 8 0.231360 
20 80 15702 6797 10 8.446814 
20 80 3844 860 9 0.445250 
20 80 9102 19133 11 133.646170 
20 80 1739 5949 9 0.762198 
20 80 13028 5319 9 0.677206 
20 81 16219 29634 9 0.688911 
20 81 23214 14593 9 1.756354 
20 81 14709 11944 10 9.317902 
20 81 25797 26831 9 0.995903 
20 81 19750 15825 9 0.159189 
20 81 27416 8369 10 1.704966 
20 81 19694 2702 10 17.123440 
20 81 23002 6607 9 0.052303 
20 81 22581 9660 9 0.226700 
20 81 29574 24694 9 0.967024 
20 81 11530 10191 9 1.031599 
20 81 15681 9630 10 26.256162 
20 81 23353 1628 9 0.211520 
20 81 17969 2488 11 31.686158 
20 81 29597 29064 9 1.655113 
20 81 16310 3199 11 42.541092 
20 81 1132 13646 8 0.155441 
20 81 14161 5402 11 118.910169 
20 81 894 11304 10 0.958729 
20 81 3306 23531 9 0.690948 
20 81 14424 297 9 1.707462 
20 81 3371 10715 9 0.195750 
20 81 3172 15325 10 31.204868 
20 81 1196 6768 10 18.054520 
20 81 13417 17197 9 3.958790 
20 81 3619 19893 11 16.409052 
20 81 23074 3880 10 3.621376 
20 81 20304 2524 9 1.244803 
20 81 5037 2200 10 34.079151 
20 81 19915 1652 9 0.095190 
20 81 5619 14868 10 14.792846 
20 81 1581 18676 9 2.015886 
20 81 212 29795 9 0.738359 
20 81 24824 15515 9 0.830592 
20 81 29550 13800 10 7.684028 
20 81 6164 29871 10 2.698602 
20 81 2361 20002 -1 180.000001 
20 81 29340 13618 11 91.102231 
20 81 16808 212 10 44.389820 
20 81 18082 3588 10 0.710557 
20 82 25741 17052 9 1.298774 
20 82 21429 17555 10 52.499403 
20 82 20130 11801 9 0.331899 
20 82 23739 26326 -1 180.000001 
20 82 29759 18240 10 5.982528 
20 82 26787 12546 10 63.749875 
20 82 5245 29154 10 22.904727 
20 82 3808 15197 10 2.009859 
20 82 26517 25407 10 4.258828 
20 82 7651 23694 9 0.881853 
20 82 17524 28641 10 11.026767 
20 82 8428 7880 10 12.314724 
20 82 10505 22124 10 2.818424 
20 82 29777 27286 10 9.046672 
20 82 4741 29591 -1 180.000001 
20 82 20537 159 10 10.504516 
20 82 26646 29939 11 39.848256 
20 82 8759 20404 9 1.680118 
20 82 19757 14070 10 8.323926 
20 82 26094 21122 8 0.011418 
20 82 23457 22115 9 0.265097 
20 82 29055 19140 -1 180.000001 
20 82 15246 7875 -1 180.000001 
20 82 19155 25827 10 0.457755 
20 82 5261 26634 9 0.544176 
20 82 11492 7649 10 2.509639 
20 82 2053 18738 9 0.579627 
20 82 12365 29463 11 137.846782 
20 82 15773 5380 9 0.535089 
20 82 27155 18883 10 38.591297 
20 82 21241 17458 11 116.805803 
20 82 705 27770 10 4.633945 
20 82 14558 2821 10 14.573854 
20 82 19093 9713 10 11.743369 
20 82 23906 5846 10 9.992398 
20 82 26334 19794 11 157.224390 
20 82 10422 22592 10 12.438390 
20 82 21114 12103 10 15.947711 
20 82 6673 6486 10 15.366487 
20 82 19691 10913 9 0.733978 
20 83 6553 4493 8 0.047950 
20 83 13576 10925 9 0.115354 
20 83 16036 29886 9 1.878781 
20 83 23834 3118 11 22.017414 
20 83 10304 17196 -1 180.000001 
20 83 8951 24563 -1 180.000001 
20 83 28727 13473 11 117.768768 
20 83 3401 2717 11 113.379552 
20 83 16754 15787 9 1.610186 
20 83 27046 28660 10 0.175031 
20 83 81 6481 9 1.369354 
20 83 21390 17494 9 0.689090 
20 83 14168 10309 10 3.319242 
20 83 1837 2246 -1 180.000001 
20 83 4666 11793 9 0.310329 
20 83 24582 20901 11 84.005885 
20 83 216 16656 10 9.925904 
20 83 25413 21524 -1 180.000001 
20 83 6735 1422 -1 180.000001 
20 83 14359 22872 9 1.154464 
20 83 4378 18668 -1 180.000001 
20 83 1054 21452 9 1.742101 
20 83 6033 7912 11 82.366985 
20 83 4479 4571 9 4.285574 
20 83 24639 12389 10 10.332015 
20 83 15662 29649 -1 180.000001 
20 83 621 23712 10 92.150787 
20 83 24458 2087 10 1.409607 
20 83 23137 6560 11 33.841413 
20 83 7682 15295 10 6.133804 
20 83 15528 9379 10 22.248859 
20 83 13978 25919 11 40.744764 
20 83 23336 6876 10 5.342018 
20 83 40 21827 10 42.825280 
20 83 23137 3130 10 17.049488 
20 83 6837 3755 10 0.987963 
20 83 29343 59 11 72.639946 
20 83 28288 12650 10 2.175268 
20 83 7884 17190 9 1.451712 
20 83 24014 27973 11 93.603329 
20 84 27134 13859 10 1.267103 
20 84 23585 4408 9 0.262935 
20 84 18526 19774 10 10.653708 
20 84 18442 17570 11 11.349424 
20 84 17120 19266 10 22.413035 
20 84 8309 23216 10 8.170045 
20 84 17854 20535 10 3.802513 
20 84 22418 15555 11 44.310069 
20 84 28864 3913 11 152.322253 
20 84 2976 1232 11 83.935235 
20 84 13485 13011 10 5.294031 
20 84 20391 16275 10 7.726594 
20 84 5539 29053 10 30.440638 
20 84 3232 597 10 40.729295 
20 84 14965 26468 10 2.942036 
20 84 15586 17354 -1 180.000001 
20 84 23626 25658 11 14.031074 
20 84 27855 5653 10 4.012622 
20 84 7600 11990 11 130.713775 
20 84 11727 7785 10 1.189892 
20 84 5258 26432 11 12.414414 
20 84 1722 14967 10 2.727651 
20 84 22627 25096 10 16.524144 
20 84 23209 6979 8 0.019490 
20 84 18051 11197 9 0.279950 
20 84 27027 11438 9 0.488316 
20 84 4441 1305 -1 180.000001 
20 84 6853 22168 11 9.808407 
20 84 15715 1340 10 1.619526 
20 84 20090 5216 10 9.669852 
20 84 6642 3772 11 134.348114 
20 84 9011 16162 -1 180.000001 
20 84 2602 25823 10 4.620993 
20 84 2010 25319 11 125.992348 
20 84 20727 10315 9 0.131557 
20 84 12603 12800 10 32.655567 
20 84 11690 23510 9 1.130591 
20 84 23535 15229 11 14.192015 
20 84 16329 18669 10 2.233927 
20 84 20204 7371 9 0.213729 
20 85 1975 25303 10 14.198142 
20 85 13859 26121 -1 180.000001 
20 85 24520 9504 11 23.120508 
20 85 3468 16231 11 56.547991 
20 85 29362 6013 -1 180.000001 
20 85 24392 25721 10 0.379763 
20 85 3433 24494 11 24.977674 
20 85 6799 18179 10 7.874308 
20 85 2355 26753 10 3.152442 
20 85 499 18424 10 2.714561 
20 85 23565 26850 11 26.647014 
20 85 13622 12247 9 0.701931 
20 85 12959 25739 10 4.142096 
20 85 4220 7144 10 4.719171 
20 85 8521 10461 11 157.937073 
20 85 13374 19530 -1 180.000001 
20 85 14952 13321 10 1.571742 
20 85 16805 17948 9 0.094600 
20 85 11148 2014 10 2.790754 
20 85 13392 22176 10 43.304706 
20 85 4562 24957 -1 180.000001 
20 85 8145 8598 11 18.131533 
20 85 3859 4409 -1 180.000001 
20 85 23980 15166 11 13.257166 
20 85 14973 4323 10 14.416165 
20 85 18193 6383 -1 180.000001 
20 85 27984 411 10 0.833537 
20 85 13087 18315 -1 180.000001 
20 85 19389 21663 11 144.905466 
20 85 2514 14393 10 1.526002 
20 85 16512 19431 11 129.688590 
20 85 15422 27100 -1 180.000001 
20 85 3800 29607 11 94.173692 
20 85 4652 20759 10 2.878577 
20 85 18549 9281 11 102.587731 
20 85 20122 17635 10 2.176537 
20 85 10348 23826 11 75.082032 
20 85 12623 28527 11 177.928725 
20 85 13316 4994 10 2.759309 
20 85 10181 10097 -1 180.000001 
20 86 26182 11539 -1 180.000001 
20 86 17563 18785 -1 180.000001 
20 86 21514 5552 10 8.189421 
20 86 8898 15118 11 67.139606 
20 86 7984 3275 10 8.593190 
20 86 23861 23592 12 135.750539 
20 86 29443 29828 -1 180.000001 
20 86 4205 6039 11 16.933902 
20 86 9876 23242 10 1.143566 
20 86 1024 9044 11 29.563306 
20 86 16842 3192 11 33.495562 
20 86 12850 7206 10 1.684053 
20 86 13652 4720 -1 180.000001 
20 86 4554 26050 12 103.759835 
20 86 7786 21336 11 37.698473 
20 86 5573 1156 -1 180.000001 
20 86 381 18393 -1 180.000001 
20 86 14924 22035 11 16.605991 
20 86 10897 24579 11 5.867657 
20 86 12506 25086 11 145.733286 
20 86 17501 4966 9 0.328388 
20 86 25191 17615 9 0.066537 
20 86 8709 13217 11 115.510428 
20 86 24896 28068 11 61.220949 
20 86 10318 3824 10 3.292599 
20 86 25966 9672 11 16.127090 
20 86 15228 20544 11 7.443807 
20 86 4446 15650 11 34.453499 
20 86 14185 6584 10 1.874738 
20 86 16811 15788 11 56.892887 
20 86 9931 16060 10 4.084506 
20 86 1982 11042 11 45.190134 
20 86 22250 23422 10 19.027662 
20 86 14471 25582 10 20.485820 
20 86 12208 29750 11 5.607477 
20 86 8343 4299 -1 180.000001 
20 86 4765 29303 10 0.143782 
20 86 2144 21687 11 31.688226 
20 86 11037 12541 11 10.841389 
20 86 6398 16658 12 82.376053 
20 87 187 4179 -1 180.000001 
20 87 21575 21309 10 9.827933 
20 87 25232 8836 10 0.242367 
20 87 8672 9605 10 0.221486 
20 87 6327 875 11 80.048146 
20 87 22138 25345 11 47.977673 
20 87 14902 10909 10 1.409245 
20 87 15201 28124 10 3.648294 
20 87 3264 11047 11 33.170255 
20 87 26794 23475 -1 180.000001 
20 87 22752 14316 9 1.067700 
20 87 17151 2920 11 28.084563 
20 87 6321 10764 11 22.912538 
20 87 866 1216 12 154.643177 
20 87 7762 27211 -1 180.000001 
20 87 19500 26485 -1 180.000001 
20 87 15882 28832 11 105.527963 
20 87 18562 8759 11 56.422347 
20 87 11738 19214 10 1.460272 
20 87 28200 4044 10 2.317902 
20 87 21387 19836 -1 180.000001 
20 87 3004 4468 11 160.257360 
20 87 21680 27759 11 82.550787 
20 87 13338 16985 -1 180.000001 
20 87 21051 1687 9 0.149839 
20 87 3742 17021 11 28.457068 
20 87 12257 8910 10 1.857867 
20 87 21857 11279 11 15.282559 
20 87 8597 15401 10 3.254845 
20 87 25685 25915 -1 180.000001 
20 87 11949 5966 12 139.860333 
20 87 15448 15182 10 0.173831 
20 87 13680 17118 10 1.886668 
20 87 8723 18454 11 122.968138 
20 87 25597 19268 10 2.873520 
20 87 9989 20895 -1 180.000001 
20 87 23743 9343 11 32.340819 
20 87 26825 19545 10 0.671464 
20 87 20696 1059 11 40.696332 
20 87 8698 28318 11 34.361312 
20 88 9723 27430 11 7.443676 
20 88 9017 5956 11 84.535064 
20 88 7540 26291 10 2.051815 
20 88 23972 23071 12 145.599157 
20 88 27109 27816 11 21.202371 
20 88 4958 18565 10 0.680039 
20 88 20527 13585 10 20.712944 
20 88 16891 13772 11 14.993722 
20 88 12791 15573 -1 180.000001 
20 88 17640 5512 12 44.959339 
20 88 13348 16878 11 2.978781 
20 88 23001 2020 -1 180.000001 
20 88 14431 14729 -1 180.000001 
20 88 8499 18038 -1 180.000001 
20 88 9141 18543 -1 180.000001 
20 88 357 25937 11 27.784335 
20 88 8959 28878 -1 180.000001 
20 88 13867 12152 -1 180.000001 
20 88 4219 605 12 84.256629 
20 88 6802 2360 -1 180.000001 
20 88 8301 19549 12 74.674693 
20 88 28300 7352 11 37.990799 
20 88 18804 10224 11 72.770366 
20 88 9043 22786 -1 180.000001 
20 88 2157 26073 -1 180.000001 
20 88 24396 29970 10 3.224620 
20 88 11699 23706 11 24.574919 
20 88 25208 29431 11 84.337417 
20 88 10990 27846 10 3.165675 
20 88 5505 23143 11 46.181587 
20 88 28556 7829 12 155.664121 
20 88 5366 1456 11 26.129388 
20 88 22642 8346 -1 180.000001 
20 88 9555 16112 -1 180.000001 
20 88 27935 2543 12 168.296522 
20 88 29074 29372 -1 180.000001 
20 88 2526 4613 11 9.964079 
20 88 3406 17342 11 25.126358 
20 88 14063 13990 -1 180.000001 
20 88 16628 3111 -1 180.000001 
20 89 29051 13983 -1 180.000001 
20 89 3204 18240 -1 180.000001 
20 89 388 16032 -1 180.000001 
20 89 912 18368 12 77.309395 
20 89 9293 29731 12 69.418002 
20 89 3035 15270 12 143.591889 
20 89 20736 13832 11 49.432322 
20 89 6726 27172 11 23.549016 
20 89 13127 18654 11 26.943982 
20 89 12837 9167 -1 180.000001 
20 89 28469 12526 12 175.215566 
20 89 17486 1156 -1 180.000001 
20 89 18634 17018 -1 180.000001 
20 89 27466 472 11 22.288001 
20 89 10183 27029 -1 180.000001 
20 89 228 13182 11 8.089154 
20 89 4014 29820 10 11.897335 
20 89 19654 26237 11 14.264311 
20 89 26725 1833 11 2.181666 
20 89 23228 6125 11 20.669535 
20 89 29348 4034 11 44.567260 
20 89 1953 12528 11 3.241920 
20 89 1746 13661 11 10.931924 
20 89 12994 8011 11 41.686301 
20 89 26022 6376 12 95.306018 
20 89 17074 11513 -1 180.000001 
20 89 3866 5371 11 2.466939 
20 89 28316 6093 -1 180.000001 
20 89 18800 28781 -1 180.000001 
20 89 29302 25427 12 84.891278 
20 89 4007 21667 -1 180.000001 
20 89 13137 3498 -1 180.000001 
20 89 142 15766 -1 180.000001 
20 89 953 460 11 11.081970 
20 89 1671 4866 -1 180.000001 
20 89 21215 20051 -1 180.000001 
20 89 21326 22924 -1 180.000001 
20 89 17432 21623 10 4.062052 
20 89 6468 1684 -1 180.000001 
20 89 16781 29472 -1 180.000001 
20 90 12260 17670 -1 180.000001 
20 90 9431 25469 12 54.123101 
20 90 25339 11697 12 133.767094 
20 90 4227 23062 11 68.673272 
20 90 24563 13283 -1 180.000001 
20 90 3580 29328 10 50.433703 
20 90 1214 15078 12 89.841763 
20 90 5773 1505 -1 180.000001 
20 90 7566 26244 -1 180.000001 
20 90 28031 10766 11 8.924757 
20 90 4743 23492 11 142.556452 
20 90 6029 5776 -1 180.000001 
20 90 6263 19931 13 143.625881 
20 90 22936 4599 -1 180.000001 
20 90 7263 8453 12 117.662771 
20 90 20790 17260 12 10.258638 
20 90 23863 8084 11 3.209972 
20 90 14838 7720 12 103.659567 
20 90 10534 24803 12 108.961099 
20 90 1189 16190 -1 180.000001 
20 90 11126 20412 11 4.772667 
20 90 6709 24893 -1 180.000001 
20 90 10846 22186 11 21.680769 
20 90 5057 13834 -1 180.000001 
20 90 10379 113 -1 180.000001 
20 90 4783 11661 11 15.541486 
20 90 26018 3376 11 41.844560 
20 90 22369 8961 11 40.398226 
20 90 2027 13273 12 173.308555 
20 90 6175 16556 -1 180.000001 
20 90 6355 20409 11 9.559959 
20 90 20089 13526 12 53.271984 
20 90 1478 20352 11 93.156538 
20 90 9011 16810 -1 180.000001 
20 90 22884 27447 -1 180.000001 
20 90 16058 4241 -1 180.000001 
20 90 13718 13169 -1 180.000001 
20 90 3175 12360 12 152.923442 
20 90 2981 27585 12 156.632846 
20 90 19410 25091 11 32.133054 
20 91 13917 21205 12 56.475586 
20 91 28368 8118 -1 180.000001 
20 91 73 12092 -1 180.000001 
20 91 10758 16621 -1 180.000001 
20 91 15903 15894 12 76.866769 
20 91 29802 8527 -1 180.000001 
20 91 5650 10819 -1 180.000001 
20 91 13819 25921 -1 180.000001 
20 91 12095 16023 -1 180.000001 
20 91 7776 15603 -1 180.000001 
20 91 8783 27711 -1 180.000001 
20 91 11044 6717 -1 180.000001 
20 91 2619 18557 -1 180.000001 
20 91 7789 13358 12 36.823373 
20 91 29728 10773 11 10.159741 
20 91 18275 20891 12 75.318885 
20 91 26047 9338 -1 180.000001 
20 91 11525 25722 -1 180.000001 
20 91 4907 6408 -1 180.000001 
20 91 23978 19895 12 101.094157 
20 91 26679 22916 -1 180.000001 
20 91 18490 491 9 0.932827 
20 91 28853 27015 -1 180.000001 
20 91 7952 22784 13 47.840650 
20 91 9363 12592 12 133.043352 
20 91 26341 8167 -1 180.000001 
20 91 15656 16107 11 12.402807 
20 91 28624 935 -1 180.000001 
20 91 21315 28459 -1 180.000001 
20 91 27272 20256 11 87.693250 
20 91 7227 7479 -1 180.000001 
20 91 1100 3410 10 3.172833 
20 91 16817 18461 -1 180.000001 
20 91 24076 12049 12 42.998771 
20 91 18926 9286 -1 180.000001 
20 91 21965 23425 -1 180.000001 
20 91 1450 23871 -1 180.000001 
20 91 13162 6033 -1 180.000001 
20 91 3141 29858 11 5.138055 
20 91 28722 7795 -1 180.000001 
20 92 8007 23994 -1 180.000001 
20 92 26800 26461 -1 180.000001 
20 92 17724 7560 11 2.921841 
20 92 27622 22144 -1 180.000001 
20 92 27021 7854 11 177.276327 
20 92 12096 6579 -1 180.000001 
20 92 16901 6642 -1 180.000001 
20 92 26356 13360 -1 180.000001 
20 92 29320 25865 -1 180.000001 
20 92 20559 2461 -1 180.000001 
20 92 19562 21090 -1 180.000001 
20 92 25302 11884 -1 180.000001 
20 92 1897 24392 -1 180.000001 
20 92 26965 20032 12 63.220813 
20 92 19751 16640 -1 180.000001 
20 92 11998 3857 12 77.787244 
20 92 11669 20354 11 9.263207 
20 92 2330 8932 -1 180.000001 
20 92 29731 25153 -1 180.000006 
20 92 17994 12609 -1 180.000001 
20 92 2378 8775 -1 180.000001 
20 92 21264 17977 -1 180.000001 
20 92 9700 5907 -1 180.000001 
20 92 8561 26280 -1 180.000001 
20 92 840 24513 -1 180.000001 
20 92 24351 6494 -1 180.000001 
20 92 19806 8304 -1 180.000001 
20 92 15378 11574 -1 180.000001 
20 92 4345 21372 -1 180.000001 
20 92 7941 3876 12 49.910867 
20 92 5882 16873 -1 180.000001 
20 92 23477 6022 -1 180.000001 
20 92 21570 17599 12 49.004889 
20 92 2612 20590 -1 180.000001 
20 92 20775 24963 12 57.258342 
20 92 14456 5787 -1 180.000001 
20 92 28226 1556 12 106.276067 
20 92 11769 4780 -1 180.000001 
20 92 13602 20813 -1 180.000001 
20 92 28033 29999 12 22.151516 
20 93 4009 11329 -1 180.000001 
20 93 15477 21949 -1 180.000001 
20 93 14639 16352 -1 180.000001 
20 93 12000 6256 -1 180.000001 
20 93 18641 29060 -1 180.000001 
20 93 19729 15493 12 30.105970 
20 93 381 3990 -1 180.000001 
20 93 21451 16037 -1 180.000097 
20 93 7336 24285 -1 180.000001 
20 93 7409 24095 -1 180.000001 
20 93 14437 442 -1 180.000001 
20 93 15930 4830 -1 180.000001 
20 93 1243 6349 -1 180.000001 
20 93 11879 5986 -1 180.000001 
20 93 26555 20266 -1 180.000001 
20 93 8494 1995 -1 180.000001 
20 93 1019 9809 -1 180.000001 
20 93 10689 112 -1 180.000001 
20 93 20022 749 -1 180.000001 
20 93 9761 28074 -1 180.000001 
20 93 15767 8285 -1 180.000001 
20 93 28984 25286 -1 180.000001 
20 93 1082 27755 12 12.034254 
20 93 1857 29811 -1 180.000001 
20 93 21512 25495 -1 180.000001 
20 93 10247 24933 -1 180.000001 
20 93 17932 10342 -1 180.000001 
20 93 10560 16740 -1 180.000001 
20 93 10723 5357 -1 180.000001 
20 93 28231 4342 -1 180.000001 
20 93 3004 15944 -1 180.000001 
20 93 2544 14491 -1 180.000001 
20 93 19326 19923 -1 180.000001 
20 93 28722 23546 11 2.666458 
20 93 2568 12708 -1 180.000001 
20 93 1191 29073 -1 180.000001 
20 93 27526 1722 -1 180.000008 
20 93 12427 16135 -1 180.000001 
20 93 9337 10671 -1 180.000001 
20 93 19793 17438 -1 180.000001 
20 94 11729 27269 -1 180.000001 
20 94 13878 1879 -1 180.000001 
20 94 22329 17746 12 28.712719 
20 94 2761 8213 -1 180.000001 
20 94 26785 3134 -1 180.000001 
20 94 2711 28331 -1 180.000001 
20 94 20059 21330 -1 180.000001 
20 94 6540 4430 -1 180.000001 
20 94 17722 16788 -1 180.000001 
20 94 14933 5348 -1 180.000001 
20 94 25308 11601 -1 180.000001 
20 94 17089 9093 -1 180.000001 
20 94 12023 26662 -1 180.000001 
20 94 19841 8732 11 0.921476 
20 94 2881 14305 -1 180.000001 
20 94 12551 3715 -1 180.000001 
20 94 2156 2003 12 69.444085 
20 94 23675 29351 -1 180.000001 
20 94 6372 21721 -1 180.000001 
20 94 26985 3313 -1 180.000001 
20 94 9045 27015 -1 180.000001 
20 94 23201 26217 -1 180.000001 
20 94 13827 16345 -1 180.000001 
20 94 18186 527 -1 180.000001 
20 94 17687 29629 -1 180.000001 
20 94 27467 29129 -1 180.000001 
20 94 8129 22950 -1 180.000001 
20 94 25539 28873 -1 180.000001 
20 94 28821 12257 -1 180.000001 
20 94 29095 17902 -1 180.000001 
20 94 19267 3274 -1 180.000001 
20 94 13772 5305 12 141.533621 
20 94 24149 1871 -1 180.000001 
20 94 3080 19949 -1 180.000001 
20 94 5836 1664 -1 180.000001 
20 94 11673 26886 -1 180.000001 
20 94 9393 9615 -1 180.000001 
20 94 13904 23809 -1 180.000001 
20 94 18362 7846 12 50.978519 
20 94 3846 23238 -1 180.000001 
20 95 21713 23366 -1 180.000001 
20 95 10628 17257 -1 180.000001 
20 95 15605 21320 -1 180.000001 
20 95 9920 3274 -1 180.000001 
20 95 623 8533 -1 180.000001 
20 95 19409 27279 -1 180.000001 
20 95 20162 22355 -1 180.000001 
20 95 23503 741 -1 180.000001 
20 95 8910 1768 -1 180.000001 
20 95 1906 28675 -1 180.000001 
20 95 9901 24366 -1 180.000001 
20 95 13323 14953 -1 180.000001 
20 95 7574 25839 -1 180.000001 
20 95 16511 1198 -1 180.000001 
20 95 3746 19402 -1 180.000001 
20 95 16669 27974 -1 180.000001 
20 95 29265 23513 -1 180.000001 
20 95 28592 8218 -1 180.000001 
20 95 25891 28743 -1 180.000001 
20 95 9016 29642 -1 180.000001 
20 95 15860 11586 -1 180.000001 
20 95 28170 3581 -1 180.000001 
20 95 25042 12610 -1 180.000001 
20 95 11115 7696 -1 180.000001 
20 95 11555 7141 -1 180.000001 
20 95 26068 13273 -1 180.000001 
20 95 13105 20114 -1 180.000001 
20 95 2962 17466 -1 180.000001 
20 95 29178 6167 -1 180.000001 
20 95 7361 26615 -1 180.000001 
20 95 6278 25059 -1 180.000001 
20 95 15984 22567 -1 180.000001 
20 95 25285 15738 -1 180.000001 
20 95 11917 16515 -1 180.000001 
20 95 28108 22723 -1 180.000001 
20 95 19004 29920 -1 180.000001 
20 95 22747 8834 -1 180.000001 
20 95 15859 25691 -1 180.000001 
20 95 2873 20654 -1 180.000001 
20 95 7730 14418 -1 180.000001 
