n_exams probability_pairs seed_gen seed_program min_time_slots time_in_seconds
20 65 725 2555 7 0.141207 
20 65 22641 24848 7 0.100916 
20 65 21476 7152 8 1.350529 
20 65 3571 22136 7 0.021455 
20 65 13663 13831 7 0.288774 
20 65 17255 5507 7 0.039450 
20 65 27266 16367 7 0.715700 
20 65 29206 1622 7 0.071350 
20 65 28523 27263 7 0.068345 
20 65 25753 23652 7 0.068404 
20 65 1230 7659 7 0.020764 
20 65 7811 6324 8 4.213602 
20 65 7963 26273 8 0.591710 
20 65 7510 4210 7 0.005301 
20 65 13929 27163 7 0.010499 
20 65 23652 474 6 0.005315 
20 65 17914 17698 8 0.322644 
20 65 100 27609 8 0.391175 
20 65 9112 7538 7 0.027019 
20 65 19244 16354 8 0.288472 
20 65 15023 27938 8 0.292224 
20 65 14507 6330 8 0.569336 
20 65 10629 24097 8 0.383096 
20 65 27914 13714 8 0.370441 
20 65 29297 25714 7 0.478615 
20 65 8848 29051 8 0.463979 
20 65 24902 26241 7 0.016899 
20 65 9831 1840 8 9.004109 
20 65 18254 26312 7 0.053692 
20 65 11294 29663 8 0.061016 
20 65 8838 19468 7 0.024056 
20 65 14955 8254 7 0.013667 
20 65 3740 18748 7 0.039613 
20 65 15869 11842 7 0.039730 
20 65 27536 5229 8 0.003803 
20 65 10148 11575 7 0.008306 
20 65 5958 26065 8 0.711248 
20 65 8726 24123 7 0.178714 
20 65 6111 17400 7 0.132732 
20 65 4898 25917 8 0.534124 
20 66 5497 27271 7 0.017542 
20 66 29746 26433 7 0.007865 
20 66 11484 2233 8 2.494220 
20 66 5665 15414 8 0.196268 
20 66 25324 21613 7 0.244280 
20 66 15616 4537 7 0.032353 
20 66 7821 27960 7 0.015624 
20 66 8381 854 7 0.014722 
20 66 246 12060 7 0.273545 
20 66 25469 24649 8 1.003819 
20 66 10971 11442 8 2.996332 
20 66 1167 23306 7 0.013027 
20 66 21873 1550 7 0.215208 
20 66 19868 28809 7 0.014180 
20 66 29469 19385 7 0.007911 
20 66 12945 7834 7 0.035324 
20 66 25695 2459 7 0.020568 
20 66 20168 24043 8 3.106155 
20 66 11325 13576 8 0.945462 
20 66 27030 2270 8 0.130034 
20 66 13403 26728 8 1.408185 
20 66 1254 1292 7 0.073626 
20 66 45 8331 8 0.360270 
20 66 24420 23229 7 0.154789 
20 66 15122 24498 8 0.128215 
20 66 23174 8041 8 0.237969 
20 66 9295 20174 8 0.232975 
20 66 13503 20387 7 0.041797 
20 66 8662 18193 7 0.019450 
20 66 12460 25358 7 0.323128 
20 66 2484 18770 7 0.034090 
20 66 13972 6819 7 0.008709 
20 66 21137 19263 7 0.075538 
20 66 7785 19893 7 0.020713 
20 66 15665 29569 7 0.108150 
20 66 19180 11895 8 0.211778 
20 66 26264 25525 7 0.027098 
20 66 15878 28964 8 0.383796 
20 66 4177 15410 8 2.266605 
20 66 29904 8283 7 0.042775 
20 67 18441 18297 8 0.724667 
20 67 5910 29079 8 5.745044 
20 67 16142 169 7 0.043047 
20 67 25955 1940 8 0.093319 
20 67 23934 12473 7 0.038078 
20 67 12850 3766 7 0.142416 
20 67 12229 26214 7 0.053700 
20 67 20011 5210 7 0.054034 
20 67 8023 16598 8 0.183403 
20 67 592 9080 8 0.395933 
20 67 21312 20826 8 0.134430 
20 67 18159 27474 7 0.004170 
20 67 6921 26592 7 0.002652 
20 67 9922 28999 8 1.801425 
20 67 26886 15058 7 0.113127 
20 67 12217 20190 7 0.192501 
20 67 17214 4796 7 0.106013 
20 67 24786 16830 8 1.016943 
20 67 29414 25040 6 0.009021 
20 67 18777 10881 7 0.077831 
20 67 4605 16556 7 0.015403 
20 67 25485 16631 7 0.012189 
20 67 23321 9132 7 0.048675 
20 67 2948 22768 8 6.381038 
20 67 13205 6791 8 0.668771 
20 67 9052 10688 7 0.012320 
20 67 20361 18370 7 0.223029 
20 67 15458 6226 7 0.082747 
20 67 17514 24316 8 0.952411 
20 67 7791 15574 7 0.071660 
20 67 12691 25292 7 0.043744 
20 67 6235 21657 8 0.898105 
20 67 6606 7414 7 0.310130 
20 67 29949 10007 7 0.022109 
20 67 9028 13774 7 0.013531 
20 67 13718 5469 8 0.677430 
20 67 28403 4633 7 0.085599 
20 67 8224 26961 8 0.420936 
20 67 19630 7818 7 0.011313 
20 67 406 19066 7 0.112001 
20 68 16425 1540 7 0.079386 
20 68 134 27042 8 0.077957 
20 68 11157 13248 7 0.018845 
20 68 7684 17222 8 1.446220 
20 68 159 9262 7 0.139230 
20 68 25267 385 9 4.896949 
20 68 19523 16690 8 1.008268 
20 68 12269 23026 8 1.018766 
20 68 19564 17498 8 0.198159 
20 68 1733 7761 7 0.015583 
20 68 9442 18948 7 0.031496 
20 68 1962 5552 8 0.218198 
20 68 20696 18371 8 0.292365 
20 68 7655 20516 8 0.210778 
20 68 6901 5842 8 0.986808 
20 68 20784 13732 8 1.807820 
20 68 16882 1694 8 6.578719 
20 68 271 27283 7 0.012837 
20 68 3366 14858 7 0.002900 
20 68 23288 22149 7 0.433462 
20 68 19301 10396 8 0.444708 
20 68 27706 5057 8 0.195198 
20 68 4451 11305 8 0.142274 
20 68 19036 14311 9 0.311103 
20 68 11593 22290 8 0.350704 
20 68 22862 24669 7 0.037497 
20 68 3987 21438 9 1.125535 
20 68 19453 28540 8 6.044182 
20 68 2809 2435 8 0.653320 
20 68 5854 3798 8 0.502582 
20 68 23101 18687 8 0.660226 
20 68 5173 1680 7 0.095912 
20 68 22627 9490 6 0.037231 
20 68 15612 3023 7 0.009586 
20 68 19334 9030 7 0.005143 
20 68 20308 22689 7 0.070681 
20 68 13886 28652 7 0.030822 
20 68 11386 23451 8 0.669774 
20 68 9574 24448 8 0.060956 
20 68 7248 29153 7 0.185489 
20 69 11154 8481 7 0.072611 
20 69 20773 2153 8 1.733472 
20 69 2401 22625 9 2.955874 
20 69 24364 20819 8 0.138119 
20 69 9700 5448 8 0.272764 
20 69 28961 1300 10 88.993039 
20 69 4907 17578 8 0.124965 
20 69 2335 20662 9 1.723714 
20 69 4397 26446 8 0.676289 
20 69 10585 12984 7 0.029821 
20 69 18048 11825 7 0.171541 
20 69 20573 4586 8 0.068282 
20 69 14876 15578 8 1.550313 
20 69 19973 5444 7 0.000838 
20 69 6072 24910 7 0.006703 
20 69 13474 11593 8 0.813420 
20 69 15132 15970 8 0.066000 
20 69 12436 9030 9 5.960186 
20 69 22904 25260 8 0.187033 
20 69 8369 27901 7 0.093242 
20 69 29858 13506 7 0.306421 
20 69 1923 17864 7 0.048613 
20 69 12968 28688 8 4.965409 
20 69 10724 20847 9 0.085695 
20 69 29047 6504 7 0.286487 
20 69 26690 15391 8 0.121734 
20 69 28558 6647 9 19.550387 
20 69 15702 821 7 0.052353 
20 69 27666 12850 8 0.289981 
20 69 10623 26902 8 0.159733 
20 69 5971 8175 8 0.311987 
20 69 4277 18186 8 0.257406 
20 69 5002 20417 8 0.151529 
20 69 20508 26707 8 0.291943 
20 69 27643 27022 8 0.079543 
20 69 12980 6361 7 0.012409 
20 69 29152 18444 8 1.331421 
20 69 18747 22748 8 3.310720 
20 69 29731 27326 8 0.290878 
20 69 3709 12462 7 0.611221 
20 70 8176 4726 8 0.192052 
20 70 21731 22199 7 0.060760 
20 70 20693 9023 8 0.964846 
20 70 12278 6924 8 0.548050 
20 70 6979 3453 9 1.583537 
20 70 2265 28662 7 0.038165 
20 70 25424 21011 8 0.647276 
20 70 14974 16948 8 0.840392 
20 70 11215 25919 9 2.987736 
20 70 10616 17697 8 0.275995 
20 70 15847 16440 8 0.312875 
20 70 28059 27036 9 2.236963 
20 70 1953 20874 8 0.086586 
20 70 18658 10143 8 0.347745 
20 70 11640 8462 7 0.019186 
20 70 10852 3930 8 0.134849 
20 70 8943 25747 8 0.117421 
20 70 28565 25636 8 2.173511 
20 70 5119 29142 9 13.728227 
20 70 27935 5358 10 137.090467 
20 70 14121 14468 7 0.057770 
20 70 23919 4589 7 0.159364 
20 70 8606 2530 9 0.277825 
20 70 25372 2892 8 0.294269 
20 70 8190 17109 7 0.008271 
20 70 8139 26217 8 0.340109 
20 70 14509 20013 7 0.255723 
20 70 24743 17606 7 0.005285 
20 70 17343 8131 8 0.085854 
20 70 1981 2117 8 0.389465 
20 70 27933 15319 7 0.045462 
20 70 10085 22819 9 1.846729 
20 70 10432 13209 8 0.753853 
20 70 17031 3974 9 4.058581 
20 70 4504 16918 7 0.004753 
20 70 26120 2958 8 0.888356 
20 70 19001 29806 10 147.066673 
20 70 22338 11177 7 0.177306 
20 70 6725 542 8 1.269180 
20 70 2749 21311 7 0.124010 
20 71 6594 14497 7 0.038927 
20 71 14461 10794 8 0.575895 
20 71 22474 14554 9 22.750698 
20 71 22522 7505 8 0.775936 
20 71 1144 6019 8 0.096241 
20 71 27827 29847 9 0.156728 
20 71 23634 7515 7 0.013795 
20 71 8961 15231 9 5.615740 
20 71 13660 13188 9 0.992802 
20 71 27404 2179 9 1.878117 
20 71 13847 27607 9 1.750066 
20 71 11435 23339 9 2.528585 
20 71 11083 26073 7 0.037503 
20 71 24784 19776 7 0.007541 
20 71 20597 4366 9 0.934852 
20 71 1945 9600 8 0.093804 
20 71 20855 26404 9 0.428755 
20 71 22915 23977 7 0.018510 
20 71 63 20395 8 0.044321 
20 71 10588 27418 9 5.309328 
20 71 15188 22135 9 6.733378 
20 71 1637 6111 8 0.051554 
20 71 5506 584 9 2.957892 
20 71 8218 20314 8 1.164989 
20 71 20426 24451 8 0.040069 
20 71 15914 17521 8 1.640532 
20 71 2652 4205 9 0.374815 
20 71 15519 11151 9 8.883917 
20 71 23260 12336 8 0.062252 
20 71 6465 3473 8 0.843746 
20 71 12446 21239 7 0.034764 
20 71 14262 13940 8 0.019501 
20 71 22527 357 8 4.790753 
20 71 13539 7265 8 0.260441 
20 71 9777 1582 8 0.123975 
20 71 29309 23052 9 0.426868 
20 71 19911 14997 9 5.320461 
20 71 1244 29014 8 0.081173 
20 71 19014 10454 9 10.194584 
20 71 27126 2260 7 0.016222 
20 72 9508 24936 8 0.175920 
20 72 9835 15582 8 0.173025 
20 72 15770 29741 8 0.073494 
20 72 14940 813 9 3.615308 
20 72 13137 25776 9 0.619703 
20 72 5023 16680 9 1.380423 
20 72 12 3269 9 8.828508 
20 72 26375 27062 8 0.246986 
20 72 18732 26721 8 0.241614 
20 72 10410 9777 8 0.034231 
20 72 29360 15308 8 0.482471 
20 72 7534 2020 9 1.425651 
20 72 25374 986 8 0.213023 
20 72 1446 25544 8 0.580929 
20 72 7139 29520 8 0.274793 
20 72 19166 7463 7 0.023533 
20 72 8846 26310 8 0.094069 
20 72 14900 15956 7 0.073734 
20 72 2087 19423 9 16.384631 
20 72 11527 18107 8 0.025194 
20 72 25008 15838 9 6.346166 
20 72 13135 4174 8 0.192162 
20 72 25344 7425 8 0.105971 
20 72 19212 13838 8 0.071483 
20 72 4060 8440 8 0.404957 
20 72 904 17721 9 16.307447 
20 72 12869 14563 9 0.449830 
20 72 23017 25237 8 0.187964 
20 72 23404 7035 8 0.068932 
20 72 24837 24280 8 1.640199 
20 72 7179 2635 7 0.080240 
20 72 9469 26359 8 0.156889 
20 72 7779 2113 8 0.029359 
20 72 26318 1177 9 0.080334 
20 72 20886 3506 7 0.024875 
20 72 9654 22654 8 0.680572 
20 72 28100 11902 7 0.014195 
20 72 28168 21277 8 1.050308 
20 72 13349 23277 9 5.021672 
20 72 14976 21612 8 0.152773 
20 73 1470 14982 8 0.139068 
20 73 18973 5345 7 0.039150 
20 73 8507 19980 7 0.096515 
20 73 8424 21060 7 0.023894 
20 73 13601 27778 8 0.463292 
20 73 5825 27168 8 0.069442 
20 73 11233 24658 8 0.318927 
20 73 22476 14361 8 0.020556 
20 73 21158 11787 9 4.012520 
20 73 10772 8164 9 4.905369 
20 73 4494 27831 9 0.854215 
20 73 24007 7775 8 0.155167 
20 73 13597 12521 8 0.116855 
20 73 17441 26489 8 0.585666 
20 73 16877 15847 8 0.947990 
20 73 3841 3603 7 0.021980 
20 73 10159 3146 8 0.084031 
20 73 8675 21097 8 2.137621 
20 73 4880 1308 8 0.183687 
20 73 2458 11091 8 0.610107 
20 73 11951 25308 8 0.168360 
20 73 113 4882 8 1.667944 
20 73 16820 7705 10 27.995762 
20 73 6134 10809 9 5.449761 
20 73 17087 3313 8 0.196402 
20 73 24570 10721 9 1.112036 
20 73 25881 17771 9 8.418308 
20 73 17460 15308 10 4.788662 
20 73 22690 23396 8 0.067501 
20 73 27701 29361 8 0.775657 
20 73 249 5049 8 0.408633 
20 73 17777 10800 10 78.904029 
20 73 11394 26674 8 0.071770 
20 73 28456 10127 9 2.655151 
20 73 16525 18548 8 0.627091 
20 73 21071 2503 8 0.521984 
20 73 21406 10972 -1 180.000001 
20 73 29862 13020 8 2.637004 
20 73 2941 15086 7 0.035813 
20 73 373 17718 8 0.021677 
20 74 9661 23211 7 0.004678 
20 74 9673 10120 9 0.886442 
20 74 4772 7420 9 2.902623 
20 74 8887 11194 8 0.067395 
20 74 14164 16292 8 0.536226 
20 74 13049 4550 8 0.222505 
20 74 332 2228 8 0.273140 
20 74 13646 10200 9 2.040637 
20 74 8546 27560 8 0.168412 
20 74 3665 28703 8 0.081560 
20 74 9880 4116 9 2.499237 
20 74 2108 29098 8 0.040352 
20 74 5599 28332 8 0.133428 
20 74 19835 23194 8 1.051532 
20 74 27774 5321 8 0.751551 
20 74 19395 23060 9 0.707729 
20 74 16324 24723 9 8.759880 
20 74 19185 5899 9 1.120486 
20 74 19405 26958 7 0.005722 
20 74 17489 5054 8 0.099036 
20 74 5821 26514 9 2.037865 
20 74 28325 13308 8 0.160551 
20 74 16746 1271 9 8.913599 
20 74 26385 3381 10 42.425920 
20 74 5311 15258 10 4.225957 
20 74 7505 6638 8 0.030121 
20 74 7130 424 9 11.173457 
20 74 19753 11626 8 0.076667 
20 74 7774 27118 8 0.213684 
20 74 8953 27301 9 0.530847 
20 74 21414 5919 8 0.022551 
20 74 11884 3021 8 0.022280 
20 74 20081 915 8 0.108894 
20 74 7854 5964 8 0.473225 
20 74 20910 27948 9 3.827761 
20 74 15202 4910 8 0.307132 
20 74 7449 26030 8 0.102997 
20 74 16713 24515 7 0.002412 
20 74 18673 10441 8 0.299327 
20 74 18862 9812 8 1.609503 
20 75 11346 17527 8 0.757093 
20 75 21598 4373 8 0.126982 
20 75 4473 18142 9 0.517488 
20 75 2684 25024 7 0.017360 
20 75 24926 10217 9 5.698977 
20 75 7491 7299 9 3.392304 
20 75 3106 10360 9 0.398163 
20 75 1037 28030 8 0.013175 
20 75 1469 4495 8 0.023826 
20 75 23011 6728 9 1.175356 
20 75 23172 14441 9 0.590816 
20 75 28450 17850 9 2.517212 
20 75 21778 11911 10 21.116898 
20 75 17992 16067 10 86.453396 
20 75 19745 14850 9 0.225865 
20 75 13236 8430 9 16.273358 
20 75 3079 18260 9 9.239364 
20 75 21253 8070 8 0.040793 
20 75 16372 17898 9 1.663002 
20 75 24790 2377 8 0.191417 
20 75 28682 1585 9 1.027092 
20 75 26209 1123 9 6.252580 
20 75 3538 21557 9 1.797093 
20 75 12473 29014 10 70.818548 
20 75 487 28467 8 0.167558 
20 75 15399 24575 8 0.649288 
20 75 19805 14485 9 1.074256 
20 75 13372 9220 8 0.142636 
20 75 8441 15440 10 10.832683 
20 75 25052 4278 9 3.393776 
20 75 14997 26981 8 0.493396 
20 75 1749 7286 9 2.458046 
20 75 11562 11541 9 6.873654 
20 75 15401 19114 9 1.560386 
20 75 22998 1217 8 0.213888 
20 75 15761 1442 9 3.441095 
20 75 7304 8177 9 0.525847 
20 75 9411 20013 8 0.075272 
20 75 17902 22049 8 1.414560 
20 75 17747 18110 8 0.040469 
20 76 11064 28878 8 0.106136 
20 76 16322 22893 8 0.079347 
20 76 20119 21485 8 7.623849 
20 76 11039 27583 9 2.001414 
20 76 14093 504 9 0.530206 
20 76 14701 16678 9 2.025529 
20 76 21384 2554 8 0.049485 
20 76 23930 20538 9 1.934043 
20 76 29963 27027 9 12.209944 
20 76 26682 10490 9 5.736549 
20 76 19972 20290 7 0.057695 
20 76 17644 7022 9 1.289962 
20 76 19833 15892 8 0.039060 
20 76 27146 20228 8 0.157480 
20 76 5795 8717 8 0.079671 
20 76 22124 9223 8 0.083109 
20 76 18715 15283 9 0.301250 
20 76 1213 26134 9 5.344401 
20 76 24146 2119 8 0.216515 
20 76 2770 3294 9 0.827306 
20 76 29737 24024 9 0.916879 
20 76 24010 25463 10 22.968048 
20 76 796 11561 9 18.178225 
20 76 24022 852 8 0.381240 
20 76 19106 27906 8 0.097072 
20 76 17440 26348 9 1.284494 
20 76 23225 16940 9 0.937529 
20 76 7952 5306 8 0.067588 
20 76 4375 10771 9 0.569563 
20 76 7440 4962 8 0.076474 
20 76 28876 5642 8 0.025588 
20 76 21181 11116 8 0.186804 
20 76 22464 3129 8 0.159767 
20 76 29011 28669 9 1.484014 
20 76 29128 10678 10 6.722811 
20 76 7444 14166 10 64.458584 
20 76 7440 12033 9 1.259342 
20 76 14601 5448 8 2.102373 
20 76 29810 15689 8 0.098555 
20 76 13828 29249 8 1.459566 
20 77 24831 24170 9 2.398734 
20 77 7817 11939 7 0.001598 
20 77 966 2453 10 13.842044 
20 77 325 16493 9 0.656278 
20 77 21454 2300 10 6.142321 
20 77 12746 4171 10 3.979970 
20 77 11621 23589 10 20.359702 
20 77 26908 4319 8 0.033229 
20 77 1597 14500 10 3.001742 
20 77 28959 18593 9 3.645228 
20 77 14334 8704 9 0.761251 
20 77 2641 27398 8 0.094631 
20 77 5201 12216 8 0.245814 
20 77 27218 12639 9 3.840569 
20 77 17816 14114 9 0.393905 
20 77 29830 18164 8 0.213135 
20 77 1619 29974 8 0.080687 
20 77 5947 28883 9 5.249717 
20 77 28939 2326 9 2.697539 
20 77 6534 21619 9 1.273413 
20 77 16754 543 9 2.378696 
20 77 25374 20623 10 4.780172 
20 77 350 22823 8 0.121688 
20 77 9869 18892 8 0.559000 
20 77 24246 11396 8 0.041374 
20 77 14185 9136 9 0.759547 
20 77 4418 19941 10 27.543362 
20 77 11786 16572 8 0.234095 
20 77 19311 9423 10 19.133620 
20 77 17001 13792 10 2.920414 
20 77 3348 14002 9 0.127627 
20 77 27523 26545 10 37.271400 
20 77 8286 23025 9 0.315603 
20 77 20713 20269 8 0.686736 
20 77 290 21531 8 0.031748 
20 77 2235 5164 9 0.408850 
20 77 14524 18314 8 8.730119 
20 77 9467 28072 9 0.084787 
20 77 11265 29303 10 9.396602 
20 77 8727 27470 10 17.270512 
20 78 14140 27883 -1 180.000001 
20 78 14360 20994 9 0.485308 
20 78 28236 15050 9 0.929124 
20 78 7814 5588 8 0.141556 
20 78 107 5261 8 0.931825 
20 78 25267 19923 8 0.833099 
20 78 18645 3660 9 1.045558 
20 78 26981 26996 9 7.267688 
20 78 4233 27157 9 2.573099 
20 78 16644 3422 9 0.455386 
20 78 3519 963 11 11.565956 
20 78 16922 13785 9 5.678555 
20 78 2977 17292 8 0.196448 
20 78 9186 16062 9 0.203391 
20 78 12726 27727 10 28.356415 
20 78 22881 27673 9 0.231768 
20 78 18997 20028 9 2.546678 
20 78 22644 22979 9 2.969677 
20 78 29236 19202 10 11.873051 
20 78 9172 18440 -1 180.000001 
20 78 18377 19214 10 42.303462 
20 78 19609 11045 10 22.698648 
20 78 11742 14376 9 1.605037 
20 78 583 17234 8 0.025836 
20 78 26745 25751 9 1.143690 
20 78 28575 18106 9 0.543997 
20 78 26551 16419 10 4.233344 
20 78 10053 13973 9 7.753081 
20 78 1062 179 8 0.125113 
20 78 28763 28298 9 1.160936 
20 78 2835 1377 9 0.892406 
20 78 13766 19932 9 2.467231 
20 78 13302 5282 10 23.317426 
20 78 25365 21250 8 0.964361 
20 78 18780 2266 10 103.682497 
20 78 29687 23069 9 1.492797 
20 78 20196 6291 9 1.175739 
20 78 743 19482 10 19.533163 
20 78 26530 1734 9 0.084205 
20 78 2006 4976 -1 180.000001 
20 79 22673 12560 9 4.010135 
20 79 13976 14152 9 2.772965 
20 79 7256 15144 9 0.124857 
20 79 6075 11113 9 0.448497 
20 79 17647 22823 10 3.138513 
20 79 10903 5120 8 0.128119 
20 79 14641 3739 8 0.268316 
20 79 23154 21193 9 2.242663 
20 79 13586 5923 9 0.288176 
20 79 1298 26224 9 1.262972 
20 79 21339 14352 9 1.762129 
20 79 18334 21523 9 8.209154 
20 79 19259 20445 9 3.407527 
20 79 17698 21940 10 32.225881 
20 79 20113 9179 10 14.420600 
20 79 7473 1599 9 0.332536 
20 79 8749 23166 8 0.060871 
20 79 2072 16027 10 53.349470 
20 79 21135 19162 9 0.807170 
20 79 23206 1854 11 64.079451 
20 79 22683 21592 9 2.514968 
20 79 21691 11268 -1 180.000001 
20 79 3918 18557 10 7.429253 
20 79 20297 11082 8 0.223223 
20 79 28496 2890 9 0.616367 
20 79 15911 22955 9 1.752465 
20 79 24890 25518 8 2.082201 
20 79 12200 4706 10 4.242109 
20 79 19965 521 10 3.977523 
20 79 17742 17821 10 14.392373 
20 79 1744 17372 9 1.953422 
20 79 25311 19251 9 0.315162 
20 79 28154 18502 9 0.752615 
20 79 28373 29802 9 2.069805 
20 79 23678 8152 9 0.793756 
20 79 10051 29738 10 23.387288 
20 79 21040 23852 9 0.090385 
20 79 19762 13327 8 0.709576 
20 79 23078 2114 -1 180.000001 
20 79 19370 1216 10 19.185591 
20 80 7474 22009 9 0.998689 
20 80 13638 15753 10 1.812617 
20 80 1412 2631 8 0.041251 
20 80 27827 16758 10 2.199904 
20 80 5705 4461 9 4.930384 
20 80 19446 21931 9 0.896307 
20 80 29555 26930 10 29.636300 
20 80 4173 13648 9 1.112531 
20 80 6524 6779 9 1.297431 
20 80 17031 25300 9 0.325194 
20 80 26644 12867 9 0.663321 
20 80 17704 25298 10 36.632861 
20 80 27020 5145 10 11.603173 
20 80 7239 25867 9 2.483618 
20 80 17635 12768 8 0.268103 
20 80 24529 25936 10 0.763658 
20 80 3259 22318 8 0.421793 
20 80 909 14680 8 0.082104 
20 80 25397 3325 10 0.666316 
20 80 17887 142 10 4.097827 
20 80 11297 25639 10 6.810041 
20 80 25864 9828 9 19.881296 
20 80 22358 4368 9 1.177755 
20 80 12770 7480 9 0.372982 
20 80 10686 22301 10 12.072391 
20 80 13672 11458 9 3.552849 
20 80 19560 16630 -1 180.000001 
20 80 15615 7465 10 4.136781 
20 80 13138 25615 9 0.728948 
20 80 4817 8908 11 153.299410 
20 80 3025 29703 9 0.567959 
20 80 3226 8478 9 0.243012 
20 80 15556 14141 9 1.142103 
20 80 16443 15398 10 35.513907 
20 80 29124 18788 8 0.235007 
20 80 15702 6797 10 8.649955 
20 80 3844 860 9 0.455598 
20 80 9102 19133 11 139.961575 
20 80 1739 5949 9 0.785565 
20 80 13028 5319 9 0.752440 
20 81 16219 29634 9 0.686446 
20 81 23214 14593 9 1.742227 
20 81 14709 11944 10 9.625949 
20 81 25797 26831 9 1.000074 
20 81 19750 15825 9 0.173579 
20 81 27416 8369 10 1.979335 
20 81 19694 2702 10 17.873161 
20 81 23002 6607 9 0.055403 
20 81 22581 9660 9 0.228201 
20 81 29574 24694 9 0.991905 
20 81 11530 10191 9 1.063779 
20 81 15681 9630 10 27.208574 
20 81 23353 1628 9 0.213297 
20 81 17969 2488 11 33.027448 
20 81 29597 29064 9 1.618081 
20 81 16310 3199 11 43.634701 
20 81 1132 13646 8 0.160928 
20 81 14161 5402 11 124.228121 
20 81 894 11304 10 0.987909 
20 81 3306 23531 9 0.736712 
20 81 14424 297 9 1.715271 
20 81 3371 10715 9 0.210779 
20 81 3172 15325 10 32.177138 
20 81 1196 6768 10 18.582227 
20 81 13417 17197 9 3.954346 
20 81 3619 19893 11 16.909192 
20 81 23074 3880 10 3.751796 
20 81 20304 2524 9 1.264640 
20 81 5037 2200 10 35.600554 
20 81 19915 1652 9 0.098159 
20 81 5619 14868 10 15.602344 
20 81 1581 18676 9 2.056366 
20 81 212 29795 9 0.758397 
20 81 24824 15515 9 0.850358 
20 81 29550 13800 10 7.925861 
20 81 6164 29871 10 2.745679 
20 81 2361 20002 -1 180.000001 
20 81 29340 13618 11 95.537688 
20 81 16808 212 10 45.861668 
20 81 18082 3588 10 0.731876 
20 82 25741 17052 9 1.286290 
20 82 21429 17555 10 54.321710 
20 82 20130 11801 9 0.366548 
20 82 23739 26326 -1 180.000001 
20 82 29759 18240 10 6.211173 
20 82 26787 12546 10 64.822273 
20 82 5245 29154 10 23.343729 
20 82 3808 15197 10 2.046983 
20 82 26517 25407 10 4.552214 
20 82 7651 23694 9 0.884905 
20 82 17524 28641 10 11.485246 
20 82 8428 7880 10 12.158464 
20 82 10505 22124 10 3.141835 
20 82 29777 27286 10 9.527685 
20 82 4741 29591 -1 180.000001 
20 82 20537 159 10 10.838467 
20 82 26646 29939 11 39.031948 
20 82 8759 20404 9 1.721857 
20 82 19757 14070 10 8.654126 
20 82 26094 21122 8 0.012211 
20 82 23457 22115 9 0.257916 
20 82 29055 19140 -1 180.000001 
20 82 15246 7875 -1 180.000001 
20 82 19155 25827 10 0.521255 
20 82 5261 26634 9 0.540607 
20 82 11492 7649 10 2.492837 
20 82 2053 18738 9 0.621566 
20 82 12365 29463 11 141.076175 
20 82 15773 5380 9 0.523728 
20 82 27155 18883 10 40.034602 
20 82 21241 17458 11 120.341477 
20 82 705 27770 10 4.841313 
20 82 14558 2821 10 14.579711 
20 82 19093 9713 10 12.200106 
20 82 23906 5846 10 10.128229 
20 82 26334 19794 11 161.123136 
20 82 10422 22592 10 13.196801 
20 82 21114 12103 10 16.148060 
20 82 6673 6486 10 16.003484 
20 82 19691 10913 9 0.817077 
20 83 6553 4493 8 0.049922 
20 83 13576 10925 9 0.121213 
20 83 16036 29886 9 2.003706 
20 83 23834 3118 11 22.544581 
20 83 10304 17196 -1 180.000001 
20 83 8951 24563 -1 180.000001 
20 83 28727 13473 11 119.952858 
20 83 3401 2717 11 117.930418 
20 83 16754 15787 9 1.505411 
20 83 27046 28660 10 0.199836 
20 83 81 6481 9 1.445149 
20 83 21390 17494 9 0.729250 
20 83 14168 10309 10 3.597393 
20 83 1837 2246 -1 180.000001 
20 83 4666 11793 9 0.359190 
20 83 24582 20901 11 88.538729 
20 83 216 16656 10 10.654536 
20 83 25413 21524 -1 180.000001 
20 83 6735 1422 -1 180.000001 
20 83 14359 22872 9 1.160569 
20 83 4378 18668 -1 180.000001 
20 83 1054 21452 9 1.715967 
20 83 6033 7912 11 84.996558 
20 83 4479 4571 9 4.159577 
20 83 24639 12389 10 10.754809 
20 83 15662 29649 -1 180.000001 
20 83 621 23712 10 94.571682 
20 83 24458 2087 10 1.312458 
20 83 23137 6560 11 34.281824 
20 83 7682 15295 10 6.528173 
20 83 15528 9379 10 22.479622 
20 83 13978 25919 11 41.966635 
20 83 23336 6876 10 5.448549 
20 83 40 21827 10 44.573784 
20 83 23137 3130 10 18.123635 
20 83 6837 3755 10 1.035214 
20 83 29343 59 11 74.224034 
20 83 28288 12650 10 2.318535 
20 83 7884 17190 9 1.503465 
20 83 24014 27973 11 98.072462 
20 84 27134 13859 10 1.359452 
20 84 23585 4408 9 0.291600 
20 84 18526 19774 10 10.994725 
20 84 18442 17570 11 11.733572 
20 84 17120 19266 10 22.847871 
20 84 8309 23216 10 8.237287 
20 84 17854 20535 10 3.899064 
20 84 22418 15555 11 44.786149 
20 84 28864 3913 11 158.022121 
20 84 2976 1232 11 87.797718 
20 84 13485 13011 10 5.485142 
20 84 20391 16275 10 8.225735 
20 84 5539 29053 10 31.752717 
20 84 3232 597 10 41.549058 
20 84 14965 26468 10 3.000802 
20 84 15586 17354 -1 180.000001 
20 84 23626 25658 11 14.833697 
20 84 27855 5653 10 4.209459 
20 84 7600 11990 11 136.026180 
20 84 11727 7785 10 1.285238 
20 84 5258 26432 11 13.117887 
20 84 1722 14967 10 2.659313 
20 84 22627 25096 10 16.992258 
20 84 23209 6979 8 0.021023 
20 84 18051 11197 9 0.272256 
20 84 27027 11438 9 0.520659 
20 84 4441 1305 -1 180.000001 
20 84 6853 22168 11 9.728513 
20 84 15715 1340 10 1.699683 
20 84 20090 5216 10 9.701498 
20 84 6642 3772 11 137.359281 
20 84 9011 16162 -1 180.000001 
20 84 2602 25823 10 4.805774 
20 84 2010 25319 11 131.250672 
20 84 20727 10315 9 0.138389 
20 84 12603 12800 10 34.287585 
20 84 11690 23510 9 1.151704 
20 84 23535 15229 11 15.315689 
20 84 16329 18669 10 2.272199 
20 84 20204 7371 9 0.223079 
20 85 1975 25303 10 14.630154 
20 85 13859 26121 -1 180.000001 
20 85 24520 9504 11 23.649116 
20 85 3468 16231 11 58.454120 
20 85 29362 6013 -1 180.000001 
20 85 24392 25721 10 0.385395 
20 85 3433 24494 11 25.647890 
20 85 6799 18179 10 8.116573 
20 85 2355 26753 10 3.221304 
20 85 499 18424 10 2.900519 
20 85 23565 26850 11 27.281792 
20 85 13622 12247 9 0.756267 
20 85 12959 25739 10 4.253140 
20 85 4220 7144 10 4.925456 
20 85 8521 10461 11 162.694504 
20 85 13374 19530 -1 180.000001 
20 85 14952 13321 10 1.577306 
20 85 16805 17948 9 0.098323 
20 85 11148 2014 10 2.801750 
20 85 13392 22176 10 42.566882 
20 85 4562 24957 -1 180.000001 
20 85 8145 8598 11 18.825665 
20 85 3859 4409 -1 180.000001 
20 85 23980 15166 11 13.592927 
20 85 14973 4323 10 14.735642 
20 85 18193 6383 -1 180.000001 
20 85 27984 411 10 0.844982 
20 85 13087 18315 -1 180.000001 
20 85 19389 21663 11 150.710161 
20 85 2514 14393 10 1.608036 
20 85 16512 19431 11 140.341096 
20 85 15422 27100 -1 180.000001 
20 85 3800 29607 11 99.524743 
20 85 4652 20759 10 2.986233 
20 85 18549 9281 11 104.811200 
20 85 20122 17635 10 2.209887 
20 85 10348 23826 11 77.563303 
20 85 12623 28527 -1 180.000001 
20 85 13316 4994 10 2.801484 
20 85 10181 10097 -1 180.000001 
20 86 26182 11539 -1 180.000001 
20 86 17563 18785 -1 180.000001 
20 86 21514 5552 10 8.591539 
20 86 8898 15118 11 67.477099 
20 86 7984 3275 10 8.725032 
20 86 23861 23592 12 144.195388 
20 86 29443 29828 -1 180.000001 
20 86 4205 6039 11 18.077172 
20 86 9876 23242 10 1.162872 
20 86 1024 9044 11 30.475609 
20 86 16842 3192 11 34.252048 
20 86 12850 7206 10 1.697348 
20 86 13652 4720 -1 180.000001 
20 86 4554 26050 12 104.412417 
20 86 7786 21336 11 39.506002 
20 86 5573 1156 -1 180.000001 
20 86 381 18393 -1 180.000001 
20 86 14924 22035 11 16.881184 
20 86 10897 24579 11 6.125605 
20 86 12506 25086 11 153.062172 
20 86 17501 4966 9 0.333196 
20 86 25191 17615 9 0.070977 
20 86 8709 13217 11 117.883668 
20 86 24896 28068 11 61.928558 
20 86 10318 3824 10 3.321037 
20 86 25966 9672 11 17.031206 
20 86 15228 20544 11 7.626672 
20 86 4446 15650 11 35.406289 
20 86 14185 6584 10 1.922750 
20 86 16811 15788 11 59.154814 
20 86 9931 16060 10 4.330241 
20 86 1982 11042 11 46.229176 
20 86 22250 23422 10 18.119211 
20 86 14471 25582 10 21.405410 
20 86 12208 29750 11 5.810381 
20 86 8343 4299 -1 180.000001 
20 86 4765 29303 10 0.164782 
20 86 2144 21687 11 33.359012 
20 86 11037 12541 11 11.102861 
20 86 6398 16658 12 86.049766 
20 87 187 4179 -1 180.000001 
20 87 21575 21309 10 10.606097 
20 87 25232 8836 10 0.272146 
20 87 8672 9605 10 0.231810 
20 87 6327 875 11 82.393776 
20 87 22138 25345 11 49.023813 
20 87 14902 10909 10 1.462201 
20 87 15201 28124 10 3.818501 
20 87 3264 11047 11 36.161913 
20 87 26794 23475 -1 180.000001 
20 87 22752 14316 9 1.071109 
20 87 17151 2920 11 29.820723 
20 87 6321 10764 11 23.429868 
20 87 866 1216 12 163.727174 
20 87 7762 27211 -1 180.000001 
20 87 19500 26485 -1 180.000001 
20 87 15882 28832 11 108.971847 
20 87 18562 8759 11 58.747641 
20 87 11738 19214 10 1.510099 
20 87 28200 4044 10 2.268983 
20 87 21387 19836 -1 180.000001 
20 87 3004 4468 11 162.399348 
20 87 21680 27759 11 85.052577 
20 87 13338 16985 -1 180.000001 
20 87 21051 1687 9 0.165172 
20 87 3742 17021 11 30.443491 
20 87 12257 8910 10 1.994297 
20 87 21857 11279 11 15.741140 
20 87 8597 15401 10 3.573531 
20 87 25685 25915 -1 180.000001 
20 87 11949 5966 12 154.353355 
20 87 15448 15182 10 0.192819 
20 87 13680 17118 10 1.980635 
20 87 8723 18454 11 128.119396 
20 87 25597 19268 10 2.977258 
20 87 9989 20895 -1 180.000001 
20 87 23743 9343 11 32.661754 
20 87 26825 19545 10 0.702745 
20 87 20696 1059 11 41.629762 
20 87 8698 28318 11 35.683806 
20 88 9723 27430 11 7.776246 
20 88 9017 5956 11 88.249119 
20 88 7540 26291 10 2.128535 
20 88 23972 23071 12 156.282049 
20 88 27109 27816 11 22.978610 
20 88 4958 18565 10 0.699294 
20 88 20527 13585 10 21.577824 
20 88 16891 13772 11 15.525031 
20 88 12791 15573 -1 180.000001 
20 88 17640 5512 12 46.648792 
20 88 13348 16878 11 3.246535 
20 88 23001 2020 -1 180.000001 
20 88 14431 14729 -1 180.000001 
20 88 8499 18038 -1 180.000001 
20 88 9141 18543 -1 180.000001 
20 88 357 25937 11 28.503701 
20 88 8959 28878 -1 180.000001 
20 88 13867 12152 -1 180.000001 
20 88 4219 605 12 86.443834 
20 88 6802 2360 -1 180.000001 
20 88 8301 19549 12 79.956591 
20 88 28300 7352 11 39.382373 
20 88 18804 10224 11 73.830697 
20 88 9043 22786 -1 180.000001 
20 88 2157 26073 -1 180.000001 
20 88 24396 29970 10 3.355811 
20 88 11699 23706 11 25.186158 
20 88 25208 29431 11 86.712473 
20 88 10990 27846 10 3.444016 
20 88 5505 23143 11 47.346807 
20 88 28556 7829 12 163.251113 
20 88 5366 1456 11 27.402754 
20 88 22642 8346 -1 180.000001 
20 88 9555 16112 -1 180.000001 
20 88 27935 2543 12 173.452910 
20 88 29074 29372 -1 180.000001 
20 88 2526 4613 11 10.531577 
20 88 3406 17342 11 25.893401 
20 88 14063 13990 -1 180.000001 
20 88 16628 3111 -1 180.000001 
20 89 29051 13983 -1 180.000001 
20 89 3204 18240 -1 180.000001 
20 89 388 16032 -1 180.000001 
20 89 912 18368 12 80.319668 
20 89 9293 29731 12 72.438414 
20 89 3035 15270 12 146.784022 
20 89 20736 13832 11 52.600815 
20 89 6726 27172 11 24.061101 
20 89 13127 18654 11 28.785978 
20 89 12837 9167 -1 180.000001 
20 89 28469 12526 -1 180.000001 
20 89 17486 1156 -1 180.000001 
20 89 18634 17018 -1 180.000001 
20 89 27466 472 11 23.502107 
20 89 10183 27029 -1 180.000001 
20 89 228 13182 11 8.571582 
20 89 4014 29820 10 11.175796 
20 89 19654 26237 11 14.861927 
20 89 26725 1833 11 2.195359 
20 89 23228 6125 11 21.890591 
20 89 29348 4034 11 48.305457 
20 89 1953 12528 11 3.699501 
20 89 1746 13661 11 11.116063 
20 89 12994 8011 11 41.358224 
20 89 26022 6376 12 98.901801 
20 89 17074 11513 -1 180.000001 
20 89 3866 5371 11 2.699899 
20 89 28316 6093 -1 180.000001 
20 89 18800 28781 -1 180.000001 
20 89 29302 25427 12 86.546570 
20 89 4007 21667 -1 180.000001 
20 89 13137 3498 -1 180.000001 
20 89 142 15766 -1 180.000001 
20 89 953 460 11 11.254093 
20 89 1671 4866 -1 180.000001 
20 89 21215 20051 -1 180.000001 
20 89 21326 22924 -1 180.000001 
20 89 17432 21623 10 4.256689 
20 89 6468 1684 -1 180.000001 
20 89 16781 29472 -1 180.000001 
20 90 12260 17670 -1 180.000001 
20 90 9431 25469 12 57.097185 
20 90 25339 11697 12 140.402910 
20 90 4227 23062 11 74.179098 
20 90 24563 13283 -1 180.000001 
20 90 3580 29328 10 50.431571 
20 90 1214 15078 12 93.247292 
20 90 5773 1505 -1 180.000001 
20 90 7566 26244 -1 180.000001 
20 90 28031 10766 11 9.302113 
20 90 4743 23492 11 146.824940 
20 90 6029 5776 -1 180.000001 
20 90 6263 19931 13 157.407645 
20 90 22936 4599 -1 180.000001 
20 90 7263 8453 12 125.039852 
20 90 20790 17260 12 10.943097 
20 90 23863 8084 11 3.449930 
20 90 14838 7720 12 102.367850 
20 90 10534 24803 12 110.128455 
20 90 1189 16190 -1 180.000001 
20 90 11126 20412 11 4.867502 
20 90 6709 24893 -1 180.000001 
20 90 10846 22186 11 22.916800 
20 90 5057 13834 -1 180.000001 
20 90 10379 113 -1 180.000001 
20 90 4783 11661 11 16.428832 
20 90 26018 3376 11 43.116704 
20 90 22369 8961 11 41.929457 
20 90 2027 13273 -1 180.000001 
20 90 6175 16556 -1 180.000001 
20 90 6355 20409 11 8.708365 
20 90 20089 13526 12 56.913539 
20 90 1478 20352 11 97.775295 
20 90 9011 16810 -1 180.000001 
20 90 22884 27447 -1 180.000001 
20 90 16058 4241 -1 180.000001 
20 90 13718 13169 -1 180.000001 
20 90 3175 12360 12 163.090905 
20 90 2981 27585 12 170.401754 
20 90 19410 25091 11 33.827110 
20 91 13917 21205 12 61.884924 
20 91 28368 8118 -1 180.000001 
20 91 73 12092 -1 180.000001 
20 91 10758 16621 -1 180.000001 
20 91 15903 15894 12 80.316942 
20 91 29802 8527 -1 180.000001 
20 91 5650 10819 -1 180.000001 
20 91 13819 25921 -1 180.000001 
20 91 12095 16023 -1 180.000001 
20 91 7776 15603 -1 180.000001 
20 91 8783 27711 -1 180.000001 
20 91 11044 6717 -1 180.000001 
20 91 2619 18557 -1 180.000001 
20 91 7789 13358 12 37.731591 
20 91 29728 10773 11 10.437457 
20 91 18275 20891 12 81.237655 
20 91 26047 9338 -1 180.000001 
20 91 11525 25722 -1 180.000001 
20 91 4907 6408 -1 180.000001 
20 91 23978 19895 12 108.773363 
20 91 26679 22916 -1 180.000001 
20 91 18490 491 9 0.996473 
20 91 28853 27015 -1 180.000001 
20 91 7952 22784 13 51.925979 
20 91 9363 12592 12 136.904308 
20 91 26341 8167 -1 180.000001 
20 91 15656 16107 11 12.505022 
20 91 28624 935 -1 180.000001 
20 91 21315 28459 -1 180.000001 
20 91 27272 20256 11 89.912377 
20 91 7227 7479 -1 180.000001 
20 91 1100 3410 10 3.174282 
20 91 16817 18461 -1 180.000001 
20 91 24076 12049 12 44.477315 
20 91 18926 9286 -1 180.000001 
20 91 21965 23425 -1 180.000001 
20 91 1450 23871 -1 180.000001 
20 91 13162 6033 -1 180.000001 
20 91 3141 29858 11 5.292550 
20 91 28722 7795 -1 180.000001 
20 92 8007 23994 -1 180.000001 
20 92 26800 26461 -1 180.000001 
20 92 17724 7560 11 3.239819 
20 92 27622 22144 -1 180.000001 
20 92 27021 7854 11 177.370295 
20 92 12096 6579 -1 180.000001 
20 92 16901 6642 -1 180.000001 
20 92 26356 13360 -1 180.000001 
20 92 29320 25865 -1 180.000001 
20 92 20559 2461 -1 180.000001 
20 92 19562 21090 -1 180.000001 
20 92 25302 11884 -1 180.000001 
20 92 1897 24392 -1 180.000001 
20 92 26965 20032 12 67.009606 
20 92 19751 16640 -1 180.000001 
20 92 11998 3857 12 82.755490 
20 92 11669 20354 11 9.578505 
20 92 2330 8932 -1 180.000001 
20 92 29731 25153 -1 180.000001 
20 92 17994 12609 -1 180.000001 
20 92 2378 8775 -1 180.000001 
20 92 21264 17977 -1 180.000001 
20 92 9700 5907 -1 180.000001 
20 92 8561 26280 -1 180.000001 
20 92 840 24513 -1 180.000001 
20 92 24351 6494 -1 180.000001 
20 92 19806 8304 -1 180.000001 
20 92 15378 11574 -1 180.000001 
20 92 4345 21372 -1 180.000001 
20 92 7941 3876 12 50.556210 
20 92 5882 16873 -1 180.000001 
20 92 23477 6022 -1 180.000001 
20 92 21570 17599 12 51.232622 
20 92 2612 20590 -1 180.000001 
20 92 20775 24963 12 60.682668 
20 92 14456 5787 -1 180.000001 
20 92 28226 1556 12 106.682141 
20 92 11769 4780 -1 180.000001 
20 92 13602 20813 -1 180.000001 
20 92 28033 29999 12 23.403056
20 93 4009 11329 -1 180.000001 
20 93 15477 21949 -1 180.000001 
20 93 14639 16352 -1 180.000001 
20 93 12000 6256 -1 180.000001 
20 93 18641 29060 -1 180.000001 
20 93 19729 15493 12 30.193140 
20 93 381 3990 -1 180.000001 
20 93 21451 16037 -1 180.000001 
20 93 7336 24285 -1 180.000001 
20 93 7409 24095 -1 180.000001 
20 93 14437 442 -1 180.000001 
20 93 15930 4830 -1 180.000001 
20 93 1243 6349 -1 180.000001 
20 93 11879 5986 -1 180.000001 
20 93 26555 20266 -1 180.000001 
20 93 8494 1995 -1 180.000001 
20 93 1019 9809 -1 180.000001 
20 93 10689 112 -1 180.000001 
20 93 20022 749 -1 180.000001 
20 93 9761 28074 -1 180.000001 
20 93 15767 8285 -1 180.000001 
20 93 28984 25286 -1 180.000001 
20 93 1082 27755 12 12.497627 
20 93 1857 29811 -1 180.000001 
20 93 21512 25495 -1 180.000001 
20 93 10247 24933 -1 180.000001 
20 93 17932 10342 -1 180.000001 
20 93 10560 16740 -1 180.000001 
20 93 10723 5357 -1 180.000001 
20 93 28231 4342 -1 180.000001 
20 93 3004 15944 -1 180.000001 
20 93 2544 14491 -1 180.000001 
20 93 19326 19923 -1 180.000001 
20 93 28722 23546 11 2.893051 
20 93 2568 12708 -1 180.000001 
20 93 1191 29073 -1 180.000001 
20 93 27526 1722 -1 180.000001 
20 93 12427 16135 -1 180.000001 
20 93 9337 10671 -1 180.000001 
20 93 19793 17438 -1 180.000001 
20 94 11729 27269 -1 180.000001 
20 94 13878 1879 -1 180.000001 
20 94 22329 17746 12 31.085918 
20 94 2761 8213 -1 180.000001 
20 94 26785 3134 -1 180.000001 
20 94 2711 28331 -1 180.000001 
20 94 20059 21330 -1 180.000001 
20 94 6540 4430 -1 180.000001 
20 94 17722 16788 -1 180.000001 
20 94 14933 5348 -1 180.000021 
20 94 25308 11601 -1 180.000001 
20 94 17089 9093 -1 180.000001 
20 94 12023 26662 -1 180.000001 
20 94 19841 8732 11 1.001161 
20 94 2881 14305 -1 180.000001 
20 94 12551 3715 -1 180.000001 
20 94 2156 2003 12 70.355525 
20 94 23675 29351 -1 180.000001 
20 94 6372 21721 -1 180.000001 
20 94 26985 3313 -1 180.000001 
20 94 9045 27015 -1 180.000001 
20 94 23201 26217 -1 180.000001 
20 94 13827 16345 -1 180.000001 
20 94 18186 527 -1 180.000001 
20 94 17687 29629 -1 180.000001 
20 94 27467 29129 -1 180.000001 
20 94 8129 22950 -1 180.000001 
20 94 25539 28873 -1 180.000001 
20 94 28821 12257 -1 180.000001 
20 94 29095 17902 -1 180.000001 
20 94 19267 3274 -1 180.000001 
20 94 13772 5305 12 145.702780 
20 94 24149 1871 -1 180.000001 
20 94 3080 19949 -1 180.000001 
20 94 5836 1664 -1 180.000001 
20 94 11673 26886 -1 180.000001 
20 94 9393 9615 -1 180.000001 
20 94 13904 23809 -1 180.000001 
20 94 18362 7846 12 53.824492 
20 94 3846 23238 -1 180.000001 
20 95 21713 23366 -1 180.000001 
20 95 10628 17257 -1 180.000001 
20 95 15605 21320 -1 180.000001 
20 95 9920 3274 -1 180.000001 
20 95 623 8533 -1 180.000001 
20 95 19409 27279 -1 180.000001 
20 95 20162 22355 -1 180.000001 
20 95 23503 741 -1 180.000001 
20 95 8910 1768 -1 180.000001 
20 95 1906 28675 -1 180.000001 
20 95 9901 24366 -1 180.000001 
20 95 13323 14953 -1 180.000001 
20 95 7574 25839 -1 180.000001 
20 95 16511 1198 -1 180.000001 
20 95 3746 19402 -1 180.000001 
20 95 16669 27974 -1 180.000001 
20 95 29265 23513 -1 180.000001 
20 95 28592 8218 -1 180.000001 
20 95 25891 28743 -1 180.000001 
20 95 9016 29642 -1 180.000001 
20 95 15860 11586 -1 180.000001 
20 95 28170 3581 -1 180.000001 
20 95 25042 12610 -1 180.000001 
20 95 11115 7696 -1 180.000001 
20 95 11555 7141 -1 180.000001 
20 95 26068 13273 -1 180.000001 
20 95 13105 20114 -1 180.000001 
20 95 2962 17466 -1 180.000001 
20 95 29178 6167 -1 180.000001 
20 95 7361 26615 -1 180.000001 
20 95 6278 25059 -1 180.000001 
20 95 15984 22567 -1 180.000001 
20 95 25285 15738 -1 180.000001 
20 95 11917 16515 -1 180.000001 
20 95 28108 22723 -1 180.000001 
20 95 19004 29920 -1 180.000001 
20 95 22747 8834 -1 180.000001 
20 95 15859 25691 -1 180.000001 
20 95 2873 20654 -1 180.000001 
20 95 7730 14418 -1 180.000033
