# No arguments supplied, using default parameter values.
# num_procs = 60
# mean_io_bursts = 4.7
# mean_iat = 37
# min_CPU = 0.1
# max_CPU = 0.1
# min_IO = 0
# max_IO = 0.4
128.70297407843987 0.029166648286091803 0.17391661296177832 0.1511326758086537 0.07907402984010124 0.19877249791847681 0.39336027087012515 0.017893797724654898 0.2389335775731437 0.0009026716160796015 0.15462851305745176 0.004516480456234041 0.3826611870856944 0.05729610734913332
240.93528450122 0.09181492613149822 0.06718887348736154 0.13219314835713888 0.1633775440608059 0.07505831413268987 0.3750286335803768 0.07375090213769553
245.25433506539204 0.05056722633365584 0.24956644541928924 0.14584563937692835 0.07158956401645233 0.04709252835787055 0.20101322373077377 0.11604890112690217 0.10147185946455327 0.08090988358383265 0.24997233762563908 0.22585793660715467
262.2563932495376 0.1773063937467495 0.16671052187134505 0.23503854290103893 0.16193008692436242 0.040223209456978576 0.22885550810909946 0.18671965183600017 0.3444057247012288 0.09055687113954142 0.033864644408164106 0.09094804925838594
272.87952144700824 0.013832777250958378 0.2458251385401328 0.04520070979120899 0.3071032137322983 0.004975146931573164 0.04392724724713762 0.1152086533675053 0.20586147883346262 0.08477945174686642 0.3374827975962622 0.06689183616509438
335.5493235717304 0.020951898795582027 0.18904852366630923 0.049886605012394614 0.24757197065763747 0.057406062496963055 0.10436886291779822 0.05318317347849644 0.16761361382092016 0.23271017437970448 0.39184650481619415 0.09770200888497403 0.03327364902834447 0.13205018175821673
378.3730086403699 0.14251579793586094 0.3177693270306569 0.05253079663837688 0.3775190023532182 0.019089394747428084 0.3770343398907921 0.06264042312434404 0.3051974565101465 0.1397639253663214
528.2843890353456 0.07837073525862889 0.013551047159363661 0.10714387634108696 0.21396104066578103 0.109828752970879
550.2449747511052 0.010461386657427883 0.2526768980499918 0.03397290922192458 0.16304867091666309 0.15211117180603057 0.14165821527174613 0.2601107001819111
598.3209219028693 0.014473980947529911 0.2960178920007704 0.17944513085070976 0.035509142956081076 0.17685388647062938 0.31469292577403385 0.11654615517679011 0.13597056659286202 0.0587959876064047 0.1465344557006137 0.183549861902502
613.3321946303779 0.0814370797580898 0.34247350837112706 0.2155872268203936 0.25473946914664036 0.31191344315879155 0.0607542404930789 0.02504902494132032 0.1329980667949986 0.029679671271212123 0.12488201291202078 0.012606847115133183 0.15013605733453428 0.003022624156434421
642.4406226850263 0.05242186933540088 0.2949807893658705 0.04056496977894831 0.3544536925416531 0.19708085936525865 0.06604724815995491 0.026233398917190134 0.020973951474561048 0.19570175478727564 0.13568996328964755 0.04996330423282504 0.1081461928953209 0.013150817069549731 0.1827756967048261 0.026750964828770464 0.2252612939719703 0.022660584782570513 0.2045549128542995 0.29627982793735935
659.9780848907229 0.1424977561846431 0.3903621126430062 0.13337029127593578 0.3815823895817131 0.27951448795129324 0.19270686455997244 0.10784986241026198 0.0719398531671593 0.05745173433909139 0.34644967553615746 0.08609318799264423 0.11178144167624274 0.013100801076472813
669.9274904705492 0.1824555612680351 0.16152410468288037 0.08378700262341728 0.25445360590565735 0.014253408866057221 0.033083044725142584 0.017023356709316304
831.5488731257941 0.21955492108743957 0.15365906528617024 0.01835986211983896 0.1348719322624625 0.09017670427902647 0.015098072014465558 0.10308840762059886 0.24404256012740877 0.025979965464453216
852.4888333815807 0.08768774265627771 0.17814281781094304 0.18455188421546215
860.8610865169859 0.11584779148669527 0.09802875881766121 0.045252105977776125 0.23094547951639172 0.052667657609555975 0.35071260106870183 0.19652652018755867
928.5903903502971 0.28124367667921724 0.3232998906535762 0.01314953333708416 0.36298488360787146 0.11303114378892253 0.12777007806778903 0.13093073519922277 0.18998556766914398 0.08233300459143858 0.22872987745735396 0.016427252408148556
945.5408928440032 0.06478925271996158 0.37922312212866366 0.20247134543291603 0.10923847065523883 0.05112785643084481 0.2284936815540667 0.012724481493034446
1005.5344526312614 0.082732704199169 0.3056835377790393 0.0031534701086272533 0.2630350482818971 0.028787130520492907 0.17411052327611398 0.007490397202729002 0.21289140916600804 0.27940805647167044
1019.2482625207264 0.1867814291799576 0.16625692966306527 0.03378350157317233 0.2247449078810743 0.19483658054779646 0.17326746152353364 0.008095929286242701 0.11491131209692718 0.033590770070750446 0.2788205751526782 0.3102559145412678 0.22005897103522065 0.02925104111639651 0.2812519520206821 0.01598483946380051 0.024651637570647325 0.10469910901286246
1037.021759604503 0.07272144643440255 0.1947068454124942 0.09812058433269165 0.34126937324873774 0.06892207174406421 0.2290324669697629 0.06982693118715633 0.31857681358036344 0.23744583306947314 0.12906440546994752 0.12887938761047837
1077.1360562733441 0.15228221865511318 0.3489535936825891 0.03703262400797913 0.13056470845515622 0.11183961220537925 0.11554196974169484 0.008524641784671789 0.11523962864861309 0.11942817725591595 0.20106619446592863 0.0867651756446539 0.25049501375876965 0.07659421402181636 0.38452151882104735 0.16642289418379225 0.3853528673873708 0.11820302810428795
1138.167106859728 0.007021664812127716 0.3846698344351696 0.06442181162225774 0.048655054265367516 0.011415936300291023 0.20704004935557208 0.10541210347911673 0.3336469369302011 0.08473369479073012
1153.4930646348826 0.11415898368490528 0.21586066138815585 0.05788799807980517 0.09210647287290677 0.18559259972506012 0.15858589070653575 0.2433830223295439
1165.4564188750744 0.06507594261046645 0.033129409244210754 0.3317300508309744 0.334079697862061 0.026445303736483013 0.3373674434285907 0.1376430684046264 0.04337865955326836 0.031047629376147842 0.25673796733538595 0.12280832343792243
1181.336713908094 0.03628964433394187 0.3029505570441784 0.06174841537147331 0.3060973586122458 0.019360111386651856 0.27397153949918396 0.16073478206178549 0.3549849363056522 0.035428778958907274
1273.0763104480254 0.10926430348128802 0.37976059902660597 0.08544903597689193 0.12011250627624914 0.04001226018926704
1298.5239202344712 0.16611642853677516 0.3571503180908645 0.04623912831845982 0.19283913881926643 0.23382920931694937 0.28536697319618476 0.061204510123491485 0.38324751622155523 0.21668129100537858 0.185014660917932 0.02149509206738577
1366.7287683533486 0.16451714928115227 0.11434271023606626 0.016885856268325627 0.35618313545841374 0.15248203649849254 0.1432872185656998 0.08619695570969728 0.09116699785158705 0.04024410373832864
1410.4930930318328 0.10185019860268188 0.2341949309171435 0.004119508042584683 0.10796231145085389 0.08781539820941808 0.02595974413404565 0.006480715777890358 0.15055024854642 0.012916813346841766 0.1658870987907719 0.11235631458732363 0.18889365665657565 0.0018745498718087214 0.3714057398179196 0.02889311049910085 0.002955638691558349 0.05843997865273956 0.3402417860305215 0.27126201996287436 0.05327524094065037 0.007160051932652622 0.33388102201034314 0.18594307383879535
1503.422168218036 0.004456013704589853 0.0003626680861156029 0.37548913385539184 0.39974561585405227 0.08108733523487138 0.0591942320399014 0.014638421024684215 0.36460244791580254 0.24978866650310327
1536.573556980913 0.10617121569542308 0.023554069787402866 0.011430151067820858 0.35322422671239523 0.2780686170732191 0.04541487702897715 0.024965291124686585 0.3962671252279925 0.25213658548709844 0.2512773706928938 0.06423857882439132 0.3159409815497529 0.06689814313395474
1676.7387514243785 0.015818903199839533 0.34498844892439884 0.08518444916723936 0.22519145526843176 0.11987465259780612 0.3381285501911858 0.29331243116277417 0.025848919242323156 0.004102810173669358
1679.7838834275608 0.03510775820031057 0.2699312118048513 0.017028153353671006 0.38921860707698075 0.004202399751651066 0.04116831177426925 0.018063623617013726 0.3959277027462937 0.02988222681930642 0.27478541073949475 0.11334600289221225
1697.7243768223043 0.05203085936031118 0.12928751740268513 0.007336453897920158 0.03452136233046495 0.06945803812009693 0.3820405453964917 0.12027548220751477
1705.206533147765 0.007213564230931956 0.18837894801636704 0.07881690064380836 0.34519886290924173 0.0032411002460139625 0.05525550881228543 0.03247576149994976
1725.3704626934166 0.19166047385020857 0.005837185789585764 0.013408766416908593 0.0784183711560556 0.002331817782894707 0.2542270527303205 0.0016641255481688834 0.10937255362381593 0.08139318875739937 0.26874098820658715 0.013001027458984633 0.21560843127428775 0.12360758323507584
1727.1520793047955 0.008040297322877994 0.2738630290666019 0.06995049798088211 0.34565713593856257 0.06504596139995382 0.34102997109342353 0.044264551621473615
1751.6517314911325 0.12006585111761162 0.30364802471415164 0.21103286208510014 0.24303353065760538 0.1598822152431608 0.07285780592206517 0.04202496503616809
1770.8538800943172 0.014844006973786593 0.34431074407535944 0.018407949669289148 0.11012556121556322 0.07646702644933719 0.27114738113048803 0.26380030441101154 0.058551780842436466 0.0049930702002430535 0.24523697113343013 0.0852213061845753 0.2917415211092674 0.020172954838099152 0.31335237257739523 0.006631779655396225 0.05167741353047273 0.019585113351650942
1774.3246012753646 0.03503979288514241 0.09775940455661064 0.1257211180141994 0.2487517670102465 0.0945040245274076 0.3938608260545181 0.032284140978519546 0.25045871021559907 0.05043181123135311
1824.7380417975046 0.027030602467472065 0.29699711807624507 0.012391222189929498 0.28521275973081844 0.14492470213434894 0.21492605244354956 0.07618774455665984 0.3036851170197879 0.08351559539441644 0.02985190595164222 0.00766792100303536 0.38240696872119617 0.06797866150819612
1865.9063760649753 0.04014059954147477 0.04738921158339493 0.3729650795623992 0.33964889478314 0.10123770854072156 0.028947961077089482 0.057662104436703145 0.35771636653222116 0.09569106760479247
1884.7190342418394 0.0773501678319769 0.2667883817555969 0.023180376194825165 0.23443344061191185 0.05243638717452081
1889.3342686833812 0.029560043447818 0.24184423379975015 0.11608333917314273 0.13134850779962468 0.022543161983025677 0.30795406873671266 0.009531775781921652 0.16645090182103528 0.09565341772164271
1916.0178245737795 0.0716644491165913 0.08227085587725363 0.1384348733641889 0.03412839235594785 0.05022827985200299
1996.8244709445557 0.12012891916456021 0.029024014383626097 0.5901649951642204 0.1200352835432605 0.3288079759009552 0.28948664141719677 0.05317692069481589
2011.4569030192301 0.005246860728878741 0.018204978599847578 0.004733375011101913 0.12280362798008629 0.15971737708089717 0.3775350161464977 0.05292552454669469 0.3101199874336472 0.2183352392485791 0.10260194871752276 0.09874953573486513
2127.4245657318374 0.15170732677195753 0.054931741241814484 0.14555285828189385 0.21934701740722012 0.1022635018940489 0.3727598490615212 0.1456512705932562 0.21466121851254202 0.03193179547130224
2146.0911781145137 0.12334572683203492 0.10814908994855484 0.20969526851219303 0.2046496024868919 0.21882682772338563 0.3555192827182849 0.5134937881219741 0.305692685782838 0.09893567165365047 0.19353489698261264 0.2083386827766824
2171.3482337831483 0.1461057822075713 0.26707554408344475 0.13599179088723912 0.18691847113642757 0.3128257590660661 0.06425257170674059 0.038103238392087034 0.1820098489315639 0.004256983272561735 0.28822289787879857 0.0331518543646385
2181.2825137400505 0.05850903585966996 0.3935263446387606 0.04447555577913404 0.04012541612674841 0.366400899758938 0.18420093813230196 0.06600634393859801
2209.5213401828682 0.04541480931275343 0.008389564624037638 0.08535501211719637 0.3770339614491884 0.26859201453447434 0.285379112548427 0.07567300031950076 0.3117380565280859 0.026586282433886995 0.1158592125263041 0.04185415416690122 0.1793169859581636 0.21460788356920368 0.31903156069475275 0.07228680789049366
2237.103099591002 0.17910351828129123 0.2729679126658514 0.20425849017905906 0.3502091312910536 0.2501607310247425 0.30036245112979254 0.0010610726346540107 0.22145681550630758 0.009937989145097017 0.3441064468286883 0.06289206523826665 0.005364408668484311 0.04374046805083426 0.32483758187556355 0.1643480518752988
2334.980976910582 0.09103706181118669 0.1807477961914298 0.021585698388663234 0.2808737226915303 0.17790107822407797 0.06667846165104306 0.19723565315657562 0.11770397140423978 0.170420031855946
2371.9771073481274 0.1014236438060008 0.07255398879588992 0.016067725146769324 0.37808341272974627 0.22121050955130217 0.3523040656973204 0.029387784296008475 0.21014695786369836 0.06686879810282348 0.014539765202422839 0.003464853014293312 0.06267805840407092 0.0511234537418884 0.06843964369301339 0.004574955682795179
2392.699007598316 0.35784310358209903 0.2960080416707648 0.2176078510006285 0.3119571261337831 0.10231383549076174 0.02556071896258847 0.05539754795124997
2395.027290162028 0.033382216590235825 0.377580073248526 0.03264382792631256 0.3453752129410045 0.07914426845820702 0.04691485876778781 0.0429584983403655 0.1225432755239062 0.4766548488860222 0.16752342167711035 0.09999863881181816
2411.1771027513937 0.1126774322156884 0.3854610352265931 0.03011664944884859 0.1146542662839253 0.18631410771014545 0.18868685227603194 0.0006173298660870663 0.3583791061154694 0.21959472789086387 0.15350319201009271 0.0490070160035698 0.38620603834040246 0.04086519120099535 0.049378705502026055 0.11224781498186348
