# No arguments supplied, using default parameter values.
# num_procs = 60
# mean_io_bursts = 4.7
# mean_iat = 37
# min_CPU = 0.1
# max_CPU = 0.1
# min_IO = 0
# max_IO = 0.4
9.531199703116014 0.025241910610163634 0.2754904647285426 0.01788054555303625 0.02812994672220013 0.2830401923983063 0.22547255209393013 0.008120174677241057
57.903585008843265 0.0624113940896083 0.08602485748573581 0.059208315334744056 0.04835150061558276 0.2497226319174272 0.22657853148767823 0.06386955787896034
72.15019027443266 0.10779742292891244 0.02131973533769882 0.11552602708608027 0.17734038480530595 0.06311045478997238 0.2644237339059838 0.11710753483491876 0.10533179377822553 0.0011545325278543182 0.3085177786499061 0.16935933331276568
77.82336311723454 0.03167549880718054 0.3907411056042772 0.024261817971664427 0.1425629668248385 0.0018571331215649035 0.24671610783800568 0.026189138041019307
128.97635998118054 0.13196897292037588 0.27026657971255785 0.07486708161189286 0.2267949807489521 0.12835401361786958 0.27304134006610514 0.1586271733027345 0.04513820888071751 0.02220973889471521 0.28852769158910146 0.050065637707933534 0.13567416124712792 0.016658091652769158 0.040229605844487405 0.052297767316296255
161.96035641135552 0.09314716815328773 0.37568645297135145 0.010774408493126124 0.3910158065759809 0.044112657293158546 0.2616748673356241 0.013100396786094155 0.3845408773654328 0.10532033405771268 0.3746711239577295 0.23949998266696568 0.17480312449365207 0.2706965180760748 0.2824868993769431 0.031079599384634206 0.07190656056638477 0.10658160767460545 0.328811126506797 0.23849766170727268
199.07469955666318 0.031405655127331046 0.0007937604183148928 0.22687961634476986 0.3721309832875117 0.041586998079847635 0.16903242034267693 0.11092578414650617
234.71121355098796 0.010204265517801382 0.3387787072683438 0.09477007880712433 0.28006058158675573 0.07990859252181298 0.32456056614993467 0.10338983705354772 0.07899087422758502 0.14842276911098704 0.13784168838867814 0.18998586232380435
250.45830263322753 0.10534737280840852 0.2869665650422633 0.010479175675183111 0.23101026565692817 0.053534516580363484 0.05407439222973363 0.07290103627380096 0.025889907440633842 0.2284824064613126
254.19998017023335 0.08394109974219158 0.13659701122610834 0.012525336165717538 0.21780145656180827 0.0839017134484643 0.3658159058918011 0.09845712487314172 0.1982495648754347 0.02051127525738956 0.15551164956574742 0.08502789767950535 0.2909167560871632 0.440088056480404
262.2315480737532 0.13216143589239696 0.3298801819908541 0.00468943090837351 0.14253702569339302 0.024900463682437403 0.2595377077644242 0.009037048109745295
277.8518565086048 0.025009234496339718 0.31201733699641104 0.0004092723559710139 0.2759683286005405 0.023545959783656326 0.3314966015340981 0.16498378805625508
384.92631245496597 0.006160066376005157 0.07570603879349265 0.05078069070539753 0.29482110484441243 0.08034463190398003 0.09628249365451934 0.24025075531912954 0.010083189993399567 0.034343427017571884 0.08024632342791925 0.045374755651573735 0.3538541755080533 0.11587574167973841 0.055895602470833784 0.020770620004517643 0.015992943915304814 0.02119884458314715 0.07159372272728541 0.037406438246040105
422.0561987609278 0.07393717119576272 0.22734998222102393 0.23316106720189597 0.11059119185656884 0.06955109464461494 1.7799628502679356e-06 0.004305830400497675 0.1262183366635757 0.08973055378690287 0.011031486345453034 0.049222331297106785
477.7350656179391 0.17866118028618216
529.151474835801 0.12200134527802582 0.050570323770456053 0.0478030137080063 0.15904461855184354 0.1972817338979384 0.3634479134246665 0.0677875882393595 0.22209272159670693 0.004453463304214355 0.0673554282045512 0.10350224235914306 0.18644678746950036 0.007090671746565944 0.04139881468553286 0.01068672233903287 0.13038965054104731 0.09001765961182732
590.934659385681 0.017294103161015976 0.23229321457235358 0.03533753573570813 0.25022330989120506 0.007860137484490817 0.25939858604876903 0.032665978449269696
597.012255354184 0.27530449735089574 0.32686952399269487 0.08642134941574647 0.37237664216568606 0.06565646808769657 0.04009723377049146 0.04601767259198061 0.38456676346124036 0.002624593975728253
617.2254669693324 0.006129750798271688 0.08189483245328782 0.018626791340375645 0.31345648309046575 0.3355261454572247 0.05243626528701664 0.027441527172302874
624.0197686880574 0.1416055911596876 0.34023537880087407 0.02699932998072164 0.2861685967424365 0.04436672779482084 0.3545924160731116 0.22540748864705937 0.33463822024199014 0.0042758683172927905 0.1989124718364634 0.03593125836732356
629.9042011404136 0.033341007048538276 0.016637663847343952 0.03966841518179065 0.3994540821868282 0.09498479846596519 0.12447549136776437 0.07181341107598056
691.6760524968009 0.007163533520482224 0.3225746672404269 0.07497639860791809 0.14764882643175814 0.008924569855467598 0.2969714830822892 0.053478954018967434 0.10246033702628128 0.3007136154418495 0.34969938297094916 0.054150341243779015 0.28799898784578964 0.08451553617690256 0.09433696073614671 0.007037756427524637
719.9947229376506 0.06270926608194106 0.35321468986334725 0.11686921867621225 0.14871808356731075 0.03224745140464472 0.3679088566847367 0.026609798706001997
770.4785787618542 0.1058009009469682 0.38021619961390607 0.005581779495809517 0.22051933084949457 0.03865165792199457 0.21590773377936612 0.03784775472693289
790.9538354531098 0.13370504315684084 0.10924278987057448 0.11052731175393332 0.1808314355124761 0.12718438881021416 0.2786301766821696 0.034889000145044646 0.1781574958354526 0.043040761453986415 0.02910398537462351 0.010128009133736064
805.9517491623909 0.0671426562109329 0.24721028616123464 0.4789979062953533 0.15339892105959466 0.24554924212038687 0.0760476618833986 0.02742896783095889 0.3049972364631608 0.043715568856139524
807.2364210816264 0.006162918527231285 0.11836096720160727 0.12858573940169982 0.2280301707016753 0.10683570071704195 0.392296539363487 0.22085920327892083 0.3308313180286879 0.059145623895657834 0.16342081940591174 0.12491273563933863 0.14126856243652272 0.1829430170806925
825.632897799466 0.3116140087204518 0.12443059756363306 0.07579812853975337 0.32506827817691836 0.24413434138302909 0.09888988855801757 0.044054601263901864 0.11147249262996622 0.16741920881088362
843.4158378584615 0.00955788740204317 0.39843461221736903 0.1279579887570493 0.16476875852564665 0.016028402787206426 0.12943822268798863 0.16858914206953668
866.4307946646092 0.010206896076966336 0.2948675381409187 0.06081806747889121 0.06130710505924797 0.054836455592930544 0.24414759106550538 0.0400148066445656 0.3808828660997923 0.032654615450834444
955.5957370006973 0.10251658635301893 0.13227954701364084 0.1557858071669601 0.36070746838711687 0.39553654745918837
1002.533390325836 0.18082873070313177 0.3926616963463667 0.00956542060081194 0.2151779247693579 0.01661549701235021 0.13757405676304862 0.01351727854038121 0.1568129430526815 0.04040997943453085
1029.298541154789 0.00777690539674896 0.19157082181951 0.20987984242940216 0.06918136781399316 0.08898357584537886 0.04162477635396438 0.12762215841727775 0.15672102886957928 0.08942990125119232 0.04109686943940312 0.057351941517783216 0.19552818092291974 0.001534450719553778 0.38338421386077554 0.05129737859850503 0.08547925734605673 0.1268747972405945 0.14644974749381398 0.14231128347103725 0.05190345372363617 0.17072083115520933 0.033234957874028435 0.0004855525590114665
1052.4896223469837 0.05422377211284052 0.008243605078489846 0.08037334316488992 0.04626805817794764 0.002255085339159046 0.08356620144206209 0.09166863070192559 0.28837522892254847 0.039069072648607484
1121.4715877487472 0.01998032967766409 0.2246868118225781 0.014541290129356977 0.20045012740359028 0.08224372874513716 0.0226772545533386 0.044173787882705796 0.23711468079909728 0.11454767232674311 0.3494758242664837 0.16209671942944373 0.32577427253447466 0.011715390851535615 0.3786679641079009 0.45596886798811226 0.2929688360016385 0.09771781379053443
1165.8998437173711 0.2415022972767655 0.13421178666676226 0.07060936735643136 0.398204702972341 0.5216405477017383
1200.1652153264372 0.06950725500379883 0.1616824745628636 0.19640237554827789
1233.2994233489317 0.07347896033645779 0.05920355581352946 0.12191942680592056 0.09603460148043773 0.025322756887347888 0.10957849725987275 0.06846149535844322
1299.2513332701296 0.024265681586285517 0.18954253474931024 0.01939903034076311 0.08333155027514888 0.008264159461184521 0.12316917817442197 0.009414715636415223 0.28870841478033776 0.5960190101791089 0.05820437402131562 0.0071228249050809215 0.23534743948817183 0.2975757812302753
1304.9521148887834 0.16318431475434989 0.3258777824244053 0.14397568254724563 0.1183591448362583 0.002260027201344537 0.25497624363178173 0.0018701392797391076
1318.907881439771 0.0036383863932322362 0.242025557030256 0.008042158479455679 0.33384312733391003 0.022450063957492026 0.1668385997854296 0.2119680779680464 0.38604798927093986 0.013235388524025105
1342.2288692991492 0.07373753542855183 0.31035217890058237 0.013237082545298838 0.22918219937144213 0.26147527257495756 0.09156420572965773 0.01076530417762349
1359.9399239719808 0.012017937614128022 0.22847097376107459 0.03327122779159652 0.35820881128517684 0.04133747498130912 0.29831294960994026 0.08527354033149985 0.381239928700506 0.0262336042659308 0.1460700802930069 0.12667712583269622 0.2573779356787328 0.03739202572299011 0.20220895456119348 0.08033401271980056 0.2028309082147194 0.048788818696126834
1379.9014796682873 0.06385390307481041 0.2646542064631567 0.014182007499343542 0.23780015166963786 0.358744280535737 0.31369227609862116 0.03714304317210109 0.016209560752826802 0.05279175271126407 0.1359810981846646 0.01698740454012888 0.28614610631256515 0.00343373731104301 0.28895913898120895 0.17968959567579063 0.2453852967613578 0.5225217667161605 0.09480863847635064 0.0111775444471396
1409.1615451308433 0.010963461067844222 0.1681357935135278 0.4867695769947454 0.2519702507913885 0.06909024681824383 0.22432477732840544 0.16611042937861753 0.20586168003029293 0.06444908842819377
1440.9769494678446 0.10084490001629479 0.09818689310617423 0.1854898587344345 0.2632291962788419 0.05953404958059229 0.23924334981589768 0.01019537832725336 0.21218230018678388 0.09828495517521922 0.12144918558099285 0.00401597381135498 0.08786727546450686 0.05274150318739029 0.18786793632155674 0.04248321528140052 0.19980667424099952 0.025719014968138172 0.3486162380473425 0.5039433996325701
1441.9372184129547 0.010202570847856446 0.22966053725969515 0.026724719164251117 0.014980265934630666 0.07158270734131882 0.017896482349661902 0.05160925730063773 0.27697855831921425 0.12659875888092795 0.12502171364158143 0.00944317367671315 0.25623061743972275 0.06553091224447959 0.036178856567226615 0.004334361200008975
1459.5653115965513 0.031305686778811445 0.18713803124376294 0.004563320803709629 0.0604269765832465 0.10269727724749043 0.06599030731640476 0.08315653182128674
1491.3290713480537 0.019607130626464356 0.28868373573650247 0.4223538616369317 0.003348854401833634 0.005798896927274727 0.25529822356182746 0.007976155172604487 0.1374774684042722 0.13554411919393053 0.19308338050730295 0.040683342966472844 0.39674203933911734 0.04821388075623656 0.36788695125857807 0.002118222117899448 0.125765854787919 0.21053720660253125
1502.2698636937546 0.07037629548184023 0.2253348928520619 0.08181607014133485 0.03521677975431192 0.015745068902526468 0.020890808046762778 0.1864957260258786 0.33858483212469126 0.0712274333951739 0.09591914137551956 0.1062105755935191 0.20947687883929111 0.01568748197434448 0.07115293450014204 0.10704570739631308 0.2433296247697904 0.10904499945142815 0.300119465141967 0.0517664660726802
1580.689798312443 0.04191216350359036 0.06028940211631922 0.07325691641156784 0.22522304756505163 0.11762998599134239 0.09640647051957374 0.17585167133189158
1595.6400969773008 0.11985943008879923 0.2116626078326732 0.0393211739295643 0.32164654342547716 0.03134817425242586 0.33017618799435144 0.012936958806708266 0.10800926946649243 0.021271940945221793
1640.3841761259227 0.003862708910962992 0.01232297512514684 0.03614454525101759 0.1761829309147568 0.342519111075006 0.28494575084185664 0.0369637085583363 0.3879524446897028 0.032473539357316665 0.16567492322798216 0.05783937791166971 0.33093981031199227 0.0758615757806506
1689.7077794722234 0.1136561670661362 0.200108064697885 0.03155553760301929 0.26847094931116655 0.1766005694772946 0.23886871578965851 0.12561872443404962
1691.1234985597619 0.2728346350150505 0.36278261679322515 0.036494628541107875 0.3780452024549948 0.08451556194380894 0.15574767936040243 0.02904741080406974 0.051082410616057276 0.12951151561274965 0.09154595193404816 0.20439184215117387 0.1333151968490042 0.28517078679622027 0.29304036557111585 0.022301928556285242
1710.1061429566696 0.049833426025972516 0.28681260663702407 0.020600367181241825 0.3970428874305825 0.14365002567888574 0.15974488895480912 0.12020279500342007 0.3719970376468499 0.7463010673300554 0.041380141864541156 0.024774828031536203 0.27117736677615917 0.027756072559182374 0.020382287412064805 0.11395385853976898 0.09373823341597332 0.018343423938254992
1726.8611435377657 0.03277390758401491 0.25187203869610547 0.029199784663073977 0.12188302725579536 0.016117914674422505 0.17151002873438032 0.06844238167038476 0.2366837623776021 0.1405450349351341 0.19970058768551424 0.057746741891017445
1782.996644267123 0.007651376071472394 0.1391476006825026 0.3307861667271512 0.1570111888055961 0.10941621816657354 0.20127121854554503 0.04279517079776053 0.12555792965771415 0.014869375057483897 0.04546568480655875 0.5682123649884703 0.03622465231020344 0.008781186856835417
1856.9078208423234 0.12020456377813014 0.1865190631072988 0.061380867060693935 0.2607496347555475 0.05449596896735123 0.03482302735416037 0.12826080635366252 0.2380346089725466 0.32009307752897237 0.089556862938062 0.057623771778406524 0.21725824712150008 0.13236092052669438
1876.4768350207532 0.024697685772649487 0.3526051455401463 0.03418812493824463 0.07114651749095305 0.09503660973412129 0.13334157967126523 0.09064797156636807
