pid,arrival_time,cpu_bursts_time,io_bursts_time,bursts_time,tat,ready_wait_time,response_time,io_wait_time
19,35.63420559766289,27.844168554012263,4.40219025274011,32.246358806752376,1339.2854896611705,1306.0740428067472,11.090996484128162,5.367278300411876
3,4.546642101759608,31.47304027863695,5.867648818282635,37.34068909691958,1418.9942763078654,1381.1427233092606,2.1177156333372826,6.378512719968725
42,68.55658027984327,28.048747858393725,4.566065166786211,32.614813025179934,1427.0982194597104,1393.4747826413436,26.6230870985096,5.574688959973585
32,54.40094714503533,33.84481495611095,4.99852838006521,38.84334333617617,1610.467710444353,1570.8379766161872,19.325760994091368,5.7849188720564655
0,0.8548131526573817,40.96843866162197,6.700907037640929,47.66934569926289,1701.9525057640928,1653.654679433996,0.0,7.329387668475937
6,12.263023138069595,38.635527344774985,6.220289246659043,44.855816591434035,1693.2492857614782,1647.7252562388474,3.570170802902524,6.888502177856928
43,69.61663871638252,33.27265679335529,6.1358809218742065,39.408537715229485,1720.861271820975,1680.2866559129181,27.163028661970344,7.3019591147025125
11,12.97626675672952,38.65416503629615,6.491697656997303,45.14586269329345,1814.5184302092362,1767.6724861201048,6.325965719566765,8.191779052836004
24,38.83152210103453,36.01308944437501,7.722530532829148,43.73561997720416,1830.2515984712963,1785.6137845195847,12.80928710489443,8.624724507337497
31,52.73341457372946,36.06894911263861,5.700211697414546,41.769160810053165,1817.8980927039802,1775.8647291632208,18.75733651752806,5.964414428122055
5,8.61439047474542,39.6964265951905,7.793316429285375,47.489743024475885,1918.5532850757668,1869.8196240008149,2.637751937946337,9.037234479762644
13,19.6086657483171,40.84098825577007,8.447053553688,49.28804180945808,1947.5798509068686,1897.209404738714,8.442540777460415,9.529457912385503
39,62.99800182726051,40.41208277848318,7.571412595688684,47.98349537417187,1913.9903153584128,1865.272651219343,23.734823156366247,8.305581360587425
27,39.540436942458875,38.55175646345355,8.499804459688031,47.05156092314157,1948.0364353557577,1899.8024857345986,12.799247918103326,9.682193157706052
37,60.84469298978784,43.63358570128889,6.430817357289455,50.064403058578336,1936.6397805927274,1886.3014245323125,22.355160363842465,6.7047703591267265
8,12.691208906189384,44.40316091184645,7.672629627476081,52.07579053932252,1990.9113907037608,1937.7872628898604,4.252116354756414,8.720966902054581
25,39.321904295330114,42.60173919962684,7.530226491108243,50.13196569073507,1985.9346288752745,1934.87500911453,12.774844175756265,8.457880561118415
33,54.68152818958851,43.255648817390494,7.406704120617083,50.66235293800758,1972.754942752813,1921.732010196743,19.135520861081893,7.767283738680746
22,36.7968449557674,41.67869895246883,7.4947629350105816,49.17346188747942,2018.2652066370265,1968.6097239690837,12.802576137047517,7.9767837154751575
14,22.194616036835033,45.630696548604526,6.2864343824084425,51.91713093101296,2045.7865297109563,1993.2824842468176,9.253102733784164,6.873348915535324
9,12.747356715707408,43.846426045539076,8.90122852344778,52.74765456898685,2062.2183781213653,2008.1814037311037,4.811186214314809,10.190548344724494
44,69.9788597483976,40.00816931371589,7.705549362237899,47.71371867595379,2006.136372046974,1956.8621374607808,28.186189685239455,9.266065272478698
28,39.7239580751066,41.06804475719964,8.6271873397932,49.69523209699284,2038.7307911599855,1986.4294168916879,14.215726785455594,11.233329511098503
36,59.13799644532148,44.76311956668014,8.994991005467574,53.75811057214771,2022.2792086303587,1967.5851185736094,20.801811375638167,9.930970490069868
10,12.8105828958329,46.54401259158213,8.51595094611931,55.05996353770144,2075.666260920901,2019.7348584840847,5.060151102967408,9.387389845234445
23,38.71218537187942,44.40489019552339,8.038234823431827,52.443125018955215,2049.8932438169445,1996.5680647957267,11.858973441824183,8.920288825695664
34,54.68439932527382,45.21455926900761,8.485647831693548,53.700207100701164,2037.6615466238145,1983.8303692355869,19.93264972539658,8.61661811922093
45,70.73724561568584,42.08793521759554,6.890922921438131,48.97885813903368,2034.2925735192025,1983.916853058633,29.02780381795121,8.287785242975275
17,24.14684742992194,46.52039537147032,8.723855039585068,55.24425041105539,2088.7875441846268,2033.147858006756,10.551048751695909,9.119290806401175
29,48.21054069487098,47.7500720767938,6.920396219319561,54.67046829611336,2066.0791579973074,2011.0327258387654,14.548092307526453,7.296360081748915
48,76.69009481941403,44.33680661965593,5.143020124973,49.47982674462892,2042.5884295979388,1991.178341283234,31.1888483972634,7.073281695049928
18,30.821254991058115,47.457208489475846,7.897157032939028,55.354365522414874,2102.6934568737747,2046.80178960232,10.212351700470382,8.434458781979394
46,74.67014273267355,44.885870173638686,8.975360080063133,53.86123025370183,2067.301132710511,2011.961070915633,29.80390600208814,10.454191621240312
2,4.445550038856717,51.200641972362945,8.902429495608366,60.10307146797131,2140.442660919064,2079.2547339860726,1.4649066698589923,9.987284960629442
12,18.79103370824057,46.170789512930156,8.131849539136478,54.30263905206663,2131.144666946724,2075.7754954416428,7.862674839237471,9.198381992151944
4,5.386980717195554,51.84601554474735,9.502254186391784,61.34826973113915,2145.5675903633564,2083.0863816818755,2.8773770179013365,10.635193136734113
1,1.006360439440849,55.30688480624254,10.45811959903535,65.76500440527789,2160.6037271864307,2094.2678559061783,0.4045412252903571,11.02898647401028
40,64.41803047319887,45.044001992353465,8.11318857063107,53.15719056298453,2099.430372889372,2045.5296845846299,25.514794510427876,8.856686312389826
49,77.17636809581019,47.478501979960015,7.444448575423885,54.922950555383906,2091.7027004603915,2035.638867656854,31.888939757747906,8.585330823578232
15,22.441610282162095,49.610121658026635,10.071832570105439,59.68195422813208,2147.4861176081718,2086.686062527913,9.806108488457099,11.189933422232741
20,36.39030996778871,52.544797931293935,7.085438381411551,59.63023631270549,2141.8486203721363,2081.315096839444,11.60911112502621,7.988725601398443
47,75.3601830712774,49.19603600684572,8.594028076901518,57.79006408374724,2110.470912269769,2051.514156948978,30.713865663484285,9.760719313945344
16,22.675657831604006,50.194481022142035,8.201297730737549,58.395778752879586,2163.6546989256926,2104.2866063238703,10.372060939015185,9.173611579680518
21,36.44033722267554,47.67101454145777,11.590329623822416,59.261344165280185,2151.3790645409827,2091.0923273786807,12.35908387013938,12.61572262084485
7,12.396727220078827,53.30428760651699,10.311974200240037,63.616261806757045,2183.009937549218,2118.319733231367,4.236466720893294,11.38591671133451
26,39.430097485904845,51.914397412982815,7.856930448916693,59.77132786189949,2158.129566253123,2097.1960911064507,12.845686041104386,9.019077733690658
35,56.50890922676053,50.50130666422547,9.13086862882487,59.63217529305034,2141.1314153602757,2080.978116671741,20.62079295146591,9.651992024309521
30,49.82218068221118,50.90462940203369,9.490583505686928,60.39521290772062,2148.6708116307873,2087.2244581971795,15.520080997009941,10.541724031573992
41,66.9247207822201,50.57096679463751,8.049372305035277,58.6203390996728,2132.019182223617,2073.0638058524432,26.0464995568893,8.38440957653576
38,62.43231907369468,56.20944795021625,10.459688966469113,66.66913691668537,2143.3557305238824,2075.3507571059204,23.967534279935613,11.795525467745392
