# No arguments supplied, using default parameter values.
# num_procs = 50
# mean_io_bursts = 40
# mean_iat = 1
# min_CPU = 0
# max_CPU = 2.2
# min_IO = 0
# max_IO = 0.4
0.8548131526573817 0.5560885120738243 0.11594464554177707 0.19214419427187646 0.1702852736543904 1.5824859069810486 0.2090623760951339 1.5412823601438073 0.2481622874080762 1.9069854555123957 0.3500047620690029 0.06612447768673935 0.08807382615727133 1.8513322535407026 0.3744314523132891 0.7393133561387691 0.008865072012260278 2.190189857208418 0.3980423059522493 0.8825511733749822 0.05078104083635542 1.5862885903260027 0.052899958682307395 1.0773176430958025 0.15237576121429927 0.7152863415013698 0.24198338785320295 0.714537407489959 0.027845669660793205 0.1646794416898181 0.17362061053560654 1.4203129218621309 0.275334127031454 1.2569603813040764 0.019748355829389743 0.9621090748895282 0.22673370645148766 0.04816552693611154 0.2639092209896286 1.1650034535602949 0.006781343283918862 1.1528562589963376 0.11692785873452666 0.3114219008786236 0.31989042023163666 1.1177299794745694 0.19492505855030992 0.12736064992763474 0.00649558829049508 1.438628685666847 0.3223369673331191 1.6696125059355864 0.08885834222264687 0.5027431046874269 0.2521100596489768 1.5413992856732739 0.3890912671256397 1.3938648345903661 0.14436427387456124 0.27310880099104934 0.11076733997162092 1.495059984428688 0.11337291797351412 0.19836412312417162 0.32475820472926803 1.920211859397677 0.04831226658224677 0.7598489508985131 0.14706538865210983 1.6294568807435152 0.14018387586761186 1.8895610584644618 0.3184495761737633 2.158669337421821 0.2081124481069876 0.7693821307337486
1.006360439440849 0.4441371682630589 0.3153170281514726 0.557614940588923 0.07768432587463346 1.886417880894295 0.2660309690060529 2.1426557118259977 0.14216665071983367 1.238965519563338 0.10995640792266617 1.8632045907928387 0.3982956218736658 0.4665916878963515 0.33525522386262896 0.5606852270815853 0.1766488740678939 0.7435032921968473 0.23513452287260606 1.0547063717851997 0.05227308846829431 1.561524251712249 0.0064412786900256425 0.4519447519953604 0.3145128410209068 0.3128616002547096 0.3486918130478649 1.723953803930199 0.2883700367737789 1.2258863788352796 0.25694693211271685 0.8535964131159216 0.02566927827326091 0.5975927623059727 0.37179501573722623 1.7360833130128348 0.009970912486022554 0.660364446763824 0.08407959437063517 0.4657889605714508 0.24579728140442658 1.440705377699844 0.29003371281878615 2.1103707571795343 0.2651698536208897 2.156786696318911 0.20734174070915753 1.5835179703693705 0.04044181650772649 0.566378292313075 0.11913045857420941 0.07631532184414978 0.3249562295715939 0.16222322208082324 0.03173317797576676 1.5052785687389851 0.05030559574033622 1.9367264762569216 0.3789606707864741 1.9414724574225768 0.2751828232370099 1.9214389171127357 0.09480894136618567 1.9810162128313225 0.18096652330579 0.46248863798907186 0.23844244387915872 0.34505720927123906 0.3057572641839079 0.2984892054143358 0.08705346425206054 0.0970750478721888 0.045680014155434545 1.3804611677202732 0.09836696490528136 1.53891972984923 0.3090053963563918 0.9693509833370026 0.38265965965192916 0.6478132539445731 0.2926403301840927 1.268420809295681 0.3111445678323127 0.12517725398619506 0.302103632454065 1.4676760619071587 0.3235811512994439 0.6693361213241289 0.3254440357403396 2.0343291429907 0.033532335305911334 0.3512623915055598 0.15906104891410308 2.0978087799496032 0.3292969265205377 1.3129912009776807 0.3081706989216166 0.181090335288252 0.28611042352822325 2.1288281300651835
4.445550038856717 0.7539010263811813 0.2796192367587283 0.569502124797972 0.33155767401035036 1.1330071519269331 0.11806517611800778 0.9371590679166241 0.08639525051340585 2.144891965134275 0.22631658927164297 1.9086144045200941 0.3222226677888741 0.6246323261012818 0.22008534837334492 0.9857467641903033 0.04088100351071242 1.0800538797031045 0.015722233835923527 1.4193886602461545 0.06732358810407027 0.5650709979642217 0.24020596115425907 1.003649933027149 0.05355655634692283 0.5739331242163036 0.14922298310534665 1.8090292486046047 0.39975110192824587 1.3015641126075483 0.07365496932711948 1.809537604694653 0.04518042879396034 1.1719599670971597 0.13378998208002307 1.968890894870363 0.22368399552498852 1.1792034313426811 0.10140817432637457 0.8513890099382957 0.007382201555324919 1.7948110610650088 0.3942198385863817 0.2675739664848348 0.1986872010516937 0.011376348667387216 0.15951418536266787 0.9792778410993709 0.1997066150027693 0.7335048278986108 0.11850196281627086 0.3697045515841883 0.16531271518681573 1.6225842493838185 0.16651921219402752 1.7060651453970859 0.34934729556294 0.6068312185154913 0.1389497473985702 0.2695265370590919 0.1714249189933489 1.5386279229692115 0.3481485102385804 1.5353848706397215 0.06982740947612172 0.8643795911276482 0.13573544809662522 1.4845705150128787 0.39891358371144825 1.1639486019962542 0.30810091849599797 0.8433600192143581 0.22053445332665791 0.4438466378372297 0.353677133017906 0.738110878128838 0.36491843519597156 2.0754898429381186 0.2259605145285568 2.140630093845928 0.18010597200684308 0.5179278893389018 0.06504156115356677 1.0144116941356123 0.3128460274888686 2.006875974541943 0.29959120732110545 0.7110690657157627 0.22828705719506132 0.48349017453737253 0.1925324497719433 1.4861367579473779
4.546642101759608 1.3905823117587912 0.007237592594346642 0.45224110778719656 0.002831041474162488 0.27914403036617386 0.18773096273790718 0.6424987707970491 0.2994503255835312 0.12297808707163477 0.11583648862687085 0.19186966882227374 0.046545335457214246 1.8131544320900097 0.39771287085750406 0.3646390425873673 0.3799621945430759 2.0261559511918215 0.18357857347374693 1.628761273410413 0.3122904977028704 1.3599913855548142 0.0836622984175572 0.706611927640949 0.3854748027608479 0.7252240464616461 0.3132570232707291 0.6564479810037629 0.3179495559873588 1.1908695673764467 0.11517696327248649 0.32053932172473265 0.12494562200013815 1.5649893986099859 0.11006609597765796 1.975869633206676 0.22571772335585263 1.577006641166791 0.2974521298189217 1.2987771013974614 0.13741837300848161 1.708810793247313 0.18984150339415048 1.5577443883908912 0.06534431885791969 0.5029712527272557 0.054259101264671865 0.11144991372746237 0.10762975871902261 1.7713068630974065 0.39548996328428976 0.4221415822425651 0.305550433794337 0.8091320683305387 0.3075079297583092 0.40970980493977793 0.06025426625768624 0.5518150409911077 0.0988276616956616 0.40078957401897813 0.09735800667098791 1.7296690879753651 0.015710132445791915 0.55356772832921 0.12557927121854578 0.6555805005930813
5.386980717195554 1.311965007286153 0.36472262911903913 0.6314984774959775 0.02316423789977229 0.5974979782994757 0.28902706946654544 2.1403125136880616 0.31572668706174345 0.42711248115133565 0.38262004106456265 1.4507836795590834 0.007270140471640297 1.4739368661163064 0.33392341560966293 1.4249193415789678 0.017589964930296364 1.2181742279171663 0.22506250206775738 1.6091393318807374 0.2589065958145346 1.1977400690973512 0.20517010378228356 1.9218133083407398 0.3677963091692441 0.6883969726488337 0.27853161549968086 0.16452877076075678 0.22482720602376094 1.41220076008859 0.20958377440270837 0.2311159985084868 0.13015177612863035 0.26693829505106614 0.35506073928269877 1.9336973893728513 0.09109031153457542 1.6235236950765948 0.3866789475264782 1.9807874748882603 0.33643564666920767 1.692462838633636 0.3258653185694475 0.48732312786804033 0.18154948891391387 1.891431596953232 0.37949020062375216 0.1780853580122013 0.10514578326693656 1.1648347607276344 0.09561193390272918 1.6740532064663562 0.23823092867190537 1.1323183886534924 0.15620490541813048 1.9268165449577686 0.3696067711031714 1.8717421499250593 0.045053509774275025 0.30412987650851675 0.15942263127485856 0.03937692251057334 0.25939263604885804 1.5965893570745058 0.016529678080137656 0.6565341616715747 0.3299996810222129 2.1308609548379738 0.2107292997041817 1.484991527752636 0.3903666913226265 1.478133565263417 0.06186778578146495 1.2887535469116382 0.2875143176899034 1.1691346864781935 0.21688628569392093 0.5549257908218805 0.11533030917348702 2.0458261908479427 0.25963613602458047 0.25609346964892754 0.058286835530449915 1.1787775996121141 0.04235750929822651 0.024929941579082574 0.39383583597779315 1.9118073422241673
8.61439047474542 1.216845413207008 0.024974861028046736 1.558164145809117 0.16721353661775634 1.3915599082736771 0.09661920762686133 2.0813049717939793 0.0673066023116812 1.1928487065778832 0.11147290760975768 0.7852749857033489 0.08153346788623601 0.435678939074539 0.35616462262695625 0.9071918137886129 0.35137077170099984 0.9724306234919009 0.3400074393390392 0.561097543743409 0.2794539672133119 0.3484535217184776 0.3790731280626664 0.32082976368780713 0.3544970309665654 0.16933738022984776 0.1130411154517474 1.6188557543522417 0.28072953834597075 0.7740574765711854 0.3436933937272977 0.15529681396601128 0.3609658015775085 1.6826084996653958 0.39434649873625305 0.8424801628265879 0.2661918200370867 0.22579218125357858 0.10392524117068486 1.8171876175872201 0.29843460269022043 0.10099622200304706 0.05963134909096937 0.39775675118261755 0.23023226753063653 0.3771380252397376 0.05739383552925075 2.065933539882204 0.20502066899426882 1.9959336446561584 0.32115792145670813 1.802030805671301 0.10818917524010829 0.2328781522195791 0.21795886568461764 0.5018181823366862 0.25649119771932605 1.136463918530299 0.3883438016617534 1.2526921465171124 0.09988418248320059 1.7713616272747894 0.09149172880089528 0.007287681426162763 0.04081736322342584 1.253961832247666 0.26246595700919356 2.0509622017018097 0.08369996621985387 1.0316172102704553 0.1745141970209433 1.8163601264783775 0.025574318206230996 0.050957025925615664 0.01891681976370814 1.809174745004013 0.38051725892363764 0.983806533301044
12.263023138069595 1.3831571824852775 0.0688410188425983 1.7111592107713256 0.17563109875679325 1.5228816733968487 0.09427480060304379 1.9821606988082086 0.16021317320325656 2.1489841789025563 0.3500388732759858 0.34690363064019547 0.29062753667664243 2.142236184667773 0.036359941827198976 1.483762464672113 0.335144149797141 1.8517877371224714 0.02128912040869704 1.4137505637796466 0.08499820450102319 1.4844507211041886 0.24940599151363763 0.04957627790040815 0.12822042206177411 0.7434194490795757 0.017663404729800148 0.9531244590754453 0.23907702325547855 1.2215741820394053 0.3702050887465494 0.35608304802060264 0.12471544397833295 1.1180012691082535 0.18959472304627095 0.58008204556291 0.3750506010132995 0.9954766740175104 0.026788535861403374 0.9600288003732915 0.21638133528973236 0.7175580848919266 0.3001482620208411 1.3385067098168737 0.28706632631559537 1.4867860340759074 0.38512845376934435 0.9583383994406032 0.07903457167556414 0.0014253279427742128 0.34651308757645094 2.1464774147654553 0.39681116335459354 0.7354033790560597 0.29574337631412473 2.151787651843832 0.09515430430399592 0.6045472930894595 0.05222405785774984 1.30523385018098 0.28217883394861093 1.0619056343642366 0.14576632213351318 1.6789571137788677
12.396727220078827 0.31013131997367616 0.36349405262062207 1.3746823121115852 0.20636044111543017 0.4742190110238722 0.33182934576199113 1.8032995193531067 0.15344369674105351 1.8905128547061858 0.3951028704131214 1.794728493129359 0.1292507835141272 2.197321688307215 0.06960878007697872 0.8111847417987129 0.17047745532370115 1.971970979454812 0.33091995094282317 1.7954936152378664 0.24933244341705843 2.0643479772686524 0.29935393639069724 0.7608416106653516 0.24220090313403664 0.12970465817477586 0.05160452748533473 0.021629838312432904 0.39063050059055315 0.791183964918657 0.25640432493059095 1.501175183554106 0.30561045677275733 1.4742704616230078 0.3296244033400435 0.6882460753719242 0.2253636875061572 1.2189601337677287 0.1332880783225819 0.016862403365479284 0.3572889188276599 0.9940539269812502 0.2273687601666711 0.1980841473682737 0.2174902473371191 1.1172968040056623 0.36737298532655105 1.766073275120455 0.13524829525713974 1.910506967713493 0.06749935068767031 0.07240040033558773 0.3395420463064983 1.0466165705289303 0.3404557286675819 2.134548030001215 0.31565331590297674 1.2087387107678143 0.05435933373084603 1.7343308731621911 0.3460272592516555 0.8199859760522865 0.08285639918019046 0.03880436421210323 0.27601796975685255 0.6020150036204969 0.026334895819194282 1.857552489905689 0.3647022808040358 2.0893407451690083 0.25208112573992886 0.8817400618507024 0.12644194359697042 0.5883367432093637 0.13584411777228075 1.5311982478889181 0.1195811872867305 1.025618055523086 0.25687827470088037 1.7172815104417842 0.09008957023718565 1.5254665610676135 0.049137496858655316 1.016307979613429 0.2962792036237644 0.6035489138640474 0.10998812238197236 1.0326082369455722 0.2715349437302064 1.4522002102438007 0.25920834337550447 0.9238875317258245 0.19279144551365357 0.3249784270798928
12.691208906189384 0.6152176690764174 0.26527479419530214 1.8338478721081999 0.3767783387612138 1.472808530313973 0.015344266377222882 1.7186262234014211 0.3007769359700036 0.08586837793352249 0.17744439430357423 1.4211915122338996 0.2569742074302108 2.0236096794727234 0.2714879527751592 0.75539095178742 0.3240896379835509 1.972638935118858 0.15326667533960292 1.1276575160637874 0.259858765157604 1.9781598961563702 0.06435236562304052 1.4356664752390362 0.22545731525262297 0.026095004317717874 0.16618692786002806 0.13519882585071685 0.0682214192693937 0.10155593301710947 0.12309994450366327 1.3576589995020942 0.17383439879108034 2.0207038119380765 0.28888689063956485 1.7717746497622902 0.3620273361340782 0.03705378992442124 0.1408538269693099 1.641091671529865 0.03255102317685537 1.8045726685958332 0.35892592781757815 0.7909455290317983 0.19241203324477235 0.031446632171918565 0.3324147879469621 0.5573024411846034 0.3188488402024023 1.4383877971519157 0.3100988345599864 0.9509160012226583 0.33260655933401795 1.6177612059261703 0.1711695435444907 1.4438527252873379 0.13864532362853949 2.024234361012933 0.33676909359730467 2.178709665686894 0.01828202189873771 1.7633754868906935 0.000770904552741758 0.487836666953381 0.23002637850042437 0.7230649821371669 0.2941261911731413 1.7679666632329887 0.17475021095834303 2.0240135895347766 0.39528011259168366 0.4841394562047742 0.020735447411872433 0.7828187148726814
12.747356715707408 0.3121910687780896 0.10461869485626872 2.0876105329879575 0.10299958899329323 1.9658307643933337 0.3010518902189002 0.09968876174417006 0.150696258464571 0.18981589578279204 0.027235215269360458 0.5594253544441633 0.3513231280655406 1.0264161683132331 0.31309174213313246 0.635171522649791 0.33823022968245686 1.1459946654120041 0.24074821761646886 0.6559521083445832 0.2276590583739794 0.9375216143515013 0.29447039393494157 1.2140029479772985 0.1660754130833174 0.7230468684742292 0.21773312562806757 1.967729452705564 0.1497531516258433 0.7346735535090965 0.3859151766694766 1.8120631241073817 0.03355378488948242 1.771617147558426 0.061915731974390244 0.8341618197482488 0.3063877629606928 1.0916804938433338 0.057155526309543264 2.0836604957647844 0.00906091373883613 1.6396243682644847 0.3987727432378459 0.5741832399362806 0.3718849345695709 0.985700994555296 0.202900015900671 1.6489511750686703 0.388329166445337 0.6137423015699036 0.15384060974416125 1.8557033080770684 0.3757754306847594 1.1131549050211973 0.3054577611194413 0.6392275252729691 0.2969511049529017 1.844408073046274 0.23608621920114087 0.24449704590339386 0.009485193074364818 0.24428951767463497 0.29632745286995443 0.5425237093592596 0.32585592236287314 0.7123488756256388 0.23270001043424868 0.4563432758032865 0.10617000495271807 0.10663569527958251 0.0559445273038 1.7968282406774563 0.15700463489629396 0.8032423821856859 0.21546311675616764 1.4979311461293152 0.1493013780709671 1.027261959281999 0.08314589349339432 0.5198063842271491 0.2295376144372809 0.9281532853180943 0.247843489562771 0.6076828423756586 0.0755984103036635 1.1685654282555253 0.14717788458488942 0.42736600574026035
12.8105828958329 1.9039760191775568 0.05131930543202717 0.24631129732934243 0.23596789623303713 0.5541990469419907 0.259710331202407 0.624190261845521 0.3105888087851343 1.0427896621445463 0.029689237068693777 1.8618850841866321 0.369185321317674 0.20670992039832398 0.3575302317840352 0.8014088330354109 0.34513714457572775 2.1051998037513027 0.08471010264323336 0.15604181955495877 0.383642401987123 0.1319973426439558 0.22058597202745062 1.6245086189225628 0.38191401694385746 1.5895240999681215 0.09316842646065676 1.6563642732486867 0.06965822888921057 0.2593059922892035 0.04914433580116309 0.6845342654787726 0.33192826395743225 0.5434314801502124 0.18988100783833645 1.5701425753332126 0.17504566878859823 0.10329750851813797 0.09415673570643009 2.135459718263688 0.035820283092173444 0.39023862395013287 0.3159888453011561 0.6577651724667585 0.26923592331791374 0.7662331489323452 0.2999884276310764 1.446813594204018 0.08054531100130397 1.993413380730427 0.12005803909019255 2.1688661890642917 0.2660112842817029 2.092629324325157 0.13403503184076465 1.7994297055460762 0.30236957028726014 0.40573697700995237 0.01939332392364306 0.5528682505234542 0.2570555667143834 0.3853122640889998 0.16560087057820505 0.960731140224615 0.19356694323342466 0.791378088149508 0.2777264071548148 1.4547098372655083 0.009801917119983017 0.09835809032936567 0.014931820204583968 1.2572945127185549 0.24149755212175142 1.7720466222411095 0.28002837249656676 1.3757266159152048 0.06193462715482689 0.014373932508687149 0.3482907416734078 1.926697765644404 0.25353516192509556 1.4792005610102457 0.26497215793485696 1.4268667135320434 0.1293883499289756 1.15307567301605 0.14121098066901952 0.37296878500309133
12.97626675672952 0.5561677064033688 0.35221587919532144 0.30437230670623355 0.3829377238023001 0.2875153016072366 0.09977846299032689 1.9863646368806651 0.10778160414175426 1.8327380851606516 0.2388185627793892 1.0522939703103376 0.0036739837411952528 0.7557926076479454 0.27721433971238957 0.9842742118446333 0.36077383316746264 0.7741117612136728 0.054522538619869915 0.18322948166250608 0.20685404596141269 1.3944122282466538 0.3307228996977374 1.4192352230148975 0.21614279463620886 0.6406019679991692 0.09708556914442644 0.8151368256327047 0.2540606112403722 0.8652566242375236 0.20625958390648244 1.6388367259725625 0.16769693083572929 2.155208778179059 0.277974010676392 0.3818528044419874 0.3942839731294747 1.8911783993946631 0.0810170443088551 2.026487973518535 0.1570213905221326 1.5538690782944884 0.2136723354518662 1.622195200322185 0.02386502008783116 0.2695610896486976 0.21096698145562082 0.22567706709938898 0.14555021566910878 0.8735678501637161 0.020635868557429538 0.6103209015975287 0.09339348420841809 1.7548690784321175 0.33778368296568284 1.8180322206353055 0.19948885901431682 1.0534664658639412 0.11661649343345118 1.075273073257386 0.08871391535869871 1.5613546659292235 0.05569195483460496 1.7983485394357366 0.02225057159309043 0.36115795820592334 0.386984102117579 0.7620475995752255 0.032513340155500094 0.7490586630970049 0.27673504988487047 0.6202979646632711
18.79103370824057 1.869650392225361 0.3035387634337251 1.5017418970720784 0.10641165513585192 0.10026274157655977 0.15384782724563514 2.0400677966002205 0.2694127323872148 0.16243458441250155 0.09789744049131809 0.3457098831269562 0.19142393149587808 0.3795142136597045 0.32239291383415697 1.021767819247929 0.3125770353662969 0.7526293688712652 0.07723153929426348 2.103704928094249 0.06891655591042777 0.2749353688822702 0.13427869466832792 0.2788994881924862 0.2000392201161069 0.558554630194165 0.2574946716274512 1.9890527121560888 0.19150795345332963 1.925106351954685 0.38493890162709343 0.12095369531191127 0.05800648268544717 1.6967071095027846 0.04695805992410467 1.2989079172674285 0.2921014071607626 0.4791795035328288 0.15376292179651233 0.9580285245714676 0.14926710020111633 1.5661092442082885 0.38162696093999077 0.9206424163643645 0.15783314800755166 1.9562846200978137 0.05986588466650811 1.1144073266156063 0.31149598065952366 1.8589303573986222 0.32678701529341747 0.534864538190262 0.024542575030431914 1.2142359462971422 0.12774570361076618 0.8355408641239138 0.05359120433277518 1.4881147655284777 0.3573977217661326 0.17051328059546345 0.13312259108089983 0.9793145413044616 0.17493225289109227 1.8485045937428337 0.14113988950804127 1.742986428130847 0.0579011197557584 1.6986623075147675 0.18196945960481134 0.037983374992230194 0.3033472318979899 1.7969364080284607 0.1780365428749794 1.6925090471856783 0.2532781765241945 0.014556186042182763 0.11436419990805896 0.2685229434742491 0.39652758106448144 1.5561117380274232 0.22944766937627864 2.0866336611396896 0.04354299524693839 0.6891863465763871 0.01465252828272039 0.0877509686955061 0.3366952989581167 0.15367868220253703
19.6086657483171 1.03237780909766 0.12105468641797384 1.8048944819157438 0.1660132551169865 1.710992173136844 0.3253045275397007 1.9069589369842865 0.09757379757906848 1.7919460780400358 0.1979477888285217 0.05549420859225982 0.21769494999042346 1.129386522354388 0.21135024463564445 0.7367888484449151 0.3486761785244194 0.8379904690104779 0.14182451237882562 0.1424496499240299 0.36894407622755954 1.5082527623609079 0.34163660510432736 1.7940901340029103 0.09181957315185657 1.7013279644686785 0.3196095811598247 0.13567080846786186 0.24831112318997095 2.031857314960068 0.22618784747695347 0.7347616807700483 0.37266792216032596 1.0781128697518425 0.32836966869480094 1.7427560221712768 0.13845182574386658 0.03586222905565098 0.3283943200179663 0.8003106758047442 0.39665431553967595 0.4082647056429121 0.28780303122448514 1.7155552404234506 0.2753401320456092 1.3122713086950413 0.13084660640971876 0.5888223974827407 0.2539988599044971 0.2811957137907919 0.3808287055360829 1.1582258922945279 0.3480185230658371 2.127428733260265 0.26200086514317417 1.516857644426871 0.265036152589849 1.7859159402069091 0.3728658215595627 1.2177997543212509 0.09354516502208612 1.5661674699641086 0.17984654641440367 1.8898570079419208 0.019372700986852245 0.00895875012331644 0.07999728744710564 0.5796322866139167 0.31954239371818016 1.3900179598387719 0.1895239631418642 0.5817358114286487
22.194616036835033 1.9306013193187008 0.16156805682043782 2.169452891443279 0.1767023217401633 1.399809446719784 0.3050947212817265 0.8487411521375324 0.01640797339370721 1.8077778704609961 0.18512701720653882 0.20653890354177176 0.12724643987201265 0.4870368062238806 0.32057706549012494 1.1894922224560958 0.070950362032128 0.21371997338050924 0.09956362188037926 1.5858151229889916 0.2822024331573445 1.6457812436409598 0.380834105143126 0.6232196543240013 0.03201750193605868 1.811811023261826 0.012079237899161967 1.8388775950496705 0.1038767554475729 1.4112828508928903 0.004481978896122296 1.682824893590632 0.17299319731158036 0.16133037525805563 0.00809327406142928 2.058876387942473 0.3378809204961333 0.7735252399840777 0.37723461049886536 1.2511380026667178 0.15729137717857347 0.9600660185686003 0.32543122571868444 0.7746244015734971 0.3358491088745945 1.1648065661248184 0.21768131102460658 0.6942805270811436 0.07709324250792884 1.4155153787120602 0.13067438706046652 1.0196146035026064 0.3546457517822646 1.7737693437836095 0.24948135695113705 2.166217389418637 0.0042467034775359735 0.26895166560674044 0.0016558308082067264 0.5502885474722594 0.07275387008467092 0.702271615389774 0.22467294495047524 1.194549886662123 0.0423494286850902 1.2041371267602314 0.2063401799393029 0.7132084069210511 0.24130186366211706 2.0995733730117747 0.04085049553086817 2.1609608194680585 0.004252454895358637 1.0521504650859623 0.12662072695165466 0.02000054917065617 0.060933984599126405 0.5756616219819217 0.23737654316116694 0.022395267026150068
22.441610282162095 1.9092932477088502 0.24820019846268018 1.1783767442152142 0.010153787433461493 1.4196296586485644 0.18704345679785345 0.026163690756102455 0.2945243771669441 1.6119710842065142 0.1434991992979345 1.9195200909072876 0.3022110989596636 0.7196733719814116 0.3442992822545436 0.5204137885868236 0.26528835631582326 0.760979885416005 0.011714373312389094 1.4382569570123103 0.3540435660175192 0.7597011966871599 0.038183610891428854 1.0576492618947133 0.24244329640721524 0.26207703391647225 0.3035164509224053 0.7655460996510094 0.22642387011826376 1.2102391319517831 0.20519830598362596 0.052595803456144875 0.18914091620438378 0.9173106693879882 0.39677853353734427 1.7881165709735427 0.19424449723553183 0.4363613892821767 0.3687100224936412 0.15299015709548267 0.14329078617733454 0.7640955384364039 0.3552406263218363 1.4670980852766913 0.1410058331999163 0.7462115165962752 0.22187299958217144 0.014124296598648335 0.015248364245956082 1.7985404643784288 0.21047702676871946 1.3386691064056553 0.34966572860921885 0.30306277995699293 0.3603691941243676 0.8143522943034608 0.10605039334822722 0.967226521746838 0.3188028193877633 0.8952169151660895 0.23933975767821983 1.8088073632254376 0.23182929289731602 1.9908919687330542 0.1617045697001637 2.1899356684923355 0.33024776992306865 1.65038630808037 0.18840079842867385 0.6983125385625671 0.3076168134706434 0.8807610828227922 0.20313528204981732 0.45369398369362696 0.25696489973163733 1.0024062683647583 0.045065317364870655 2.08990485047236 0.3243673417076719 1.9966304287007397 0.2276740266565223 1.483225829029655 0.034141293262454346 1.150717906787582 0.13336621003528687 0.9073782112164926 0.28711643474573006 2.165584865286718 0.38756029507186757 0.6016585440666932 0.16566149580333103 0.524362487890417
22.675657831604006 0.09201326518954603 0.22008484074239504 1.6600455326706665 0.217730865900298 1.2426689160044928 0.32423727134390257 2.0416906521599434 0.1186217771362034 1.0209497743936478 0.03312266639134594 0.9280558192942079 0.23178990607452415 0.2572700732902181 0.3627312564414976 0.4082635040368789 0.26649127846456333 0.988700492320278 0.3633607353188408 0.7311559850474996 0.33736899982095503 1.916959414274659 0.053404355143465136 0.2717349601444977 0.3818131440835277 1.1813634685429557 0.17267460620405206 0.899930489977291 0.18774804889081614 1.9834391891117322 0.0647982200841799 0.658277407142432 0.2109749254852528 2.0970345890030195 0.3286639340766202 1.684853999748752 0.1928720052960248 0.6267951281175221 0.16117592444317147 0.8633361321017033 0.04945966825411299 0.8754043088887299 0.02208043600792289 1.493486179071558 0.3708616477506313 1.467603466195529 0.029240050397371632 1.082085060686299 0.061775237991157674 1.5387579483453702 0.3339674195824127 2.0521067064909007 0.08130794781354159 0.8420123378665496 0.15313298527030722 1.8506751444058225 0.35580113935884977 0.9018223609588826 0.03564235062215411 0.8921440433584705 0.2822958808685346 1.7472450786665732 0.3739588305515058 1.5531110833826995 0.18120071755905642 1.6007135006302364 0.3459943351652967 1.235099147018163 0.027158701048748846 1.079628491659229 0.03405622842488927 0.20130240740187502 0.18723098981758884 1.7805419603157078 0.03812083453518383 1.7594871271014647 0.33197592420907285 0.260199272280601 0.18454410950286435 1.133210472351284 0.06063372847011675 0.8813167074211662 0.0689253845160073 1.3857580563157448 0.25444274538450423 0.5375851340242899 0.10782567629408187 0.48864623473295005
24.14684742992194 2.1182161960268657 0.3082117278697125 1.6646404078538126 0.10943330838120269 2.165311832892093 0.35325792821680485 1.8535584630100623 0.032400261980355394 0.7031007392458886 0.17539413623458883 0.9853960047770631 0.31353650783337694 0.3329914304652854 0.15512793465567856 1.7247036186121818 0.30413767840719974 1.912968844882429 0.20623377762791778 0.36859553416297747 0.14873567471522461 0.6805934630293334 0.3269273512835697 1.8735474401281558 0.32108515615321265 2.043537458415159 0.29947553597837745 0.9255214245351856 0.3926992525719854 1.6840277066930065 0.3094831695554522 0.2779767256984831 0.08390569912348869 1.2413159742214046 0.19368181688257896 0.941868100510738 0.29825067213592016 0.7622719572740607 0.17213677091099414 1.3099810977625193 0.17822063932414467 2.1841585207758394 0.16949316430670858 1.7254705516429736 0.34154701358362655 0.7731671898274636 0.04513111818617541 0.15238931420474328 0.0909079803233539 0.49957208131941516 0.12489354856655117 0.38804509413253324 0.26737050776665666 2.183120675743347 0.15407534152107683 1.2221030583995003 0.2445477733504871 0.050016782487967155 0.019832773219965863 2.183714864026078 0.12933278439091303 0.172103476815239 0.27947233893750417 0.30357546477711805 0.09141344581082099 0.19841935690887982 0.26760874239632604 0.6083836182018512 0.31399439668228063 0.5797184201180563 0.3386301434928573 1.8601324943967155 0.18133118045557564 2.125882032100591 0.12868923741337687 1.0119233570713408 0.1133895928108934 0.3122382775419918 0.0898938185306637 0.3160252936725557 0.3304800092859659 0.6229477308585677 0.31948512871150125 1.4771632962508419
30.821254991058115 0.7024928255041959 0.037104555776375926 0.8887762865708525 0.10203005370268761 1.8294949368985793 0.1985679049345821 1.653845410074107 0.23222760781267393 2.09514443119169 0.35308271753172005 1.436769099505664 0.13712592175372837 1.5569724095467112 0.15320764939527673 0.4288578637274785 0.2974863747668509 0.27209563069770715 0.3532966704528495 0.2817292828465003 0.20253141061734323 0.6678683979948961 0.18702053558313847 0.5025970499090686 0.05938886812416247 0.7226759448548782 0.19817511459824322 0.6809205834878636 0.32148369597983506 0.3914439558857301 0.37754118030729766 1.0843651676950707 0.14153312650263433 0.09267795963781836 0.2036833561351893 1.805072331599955 0.18547751104124083 0.8761384617879295 0.24937240807884706 1.9228638735703358 0.2321510919493484 1.9714935367345814 0.21830019708610307 0.7200084238279663 0.16293308195146738 0.05595669682263394 0.012408878370193888 0.7423304923149886 0.35773097746725574 1.8489591145305997 0.2897864096291078 1.7378075941979525 0.2881111851130261 0.27767667737432367 0.1756499307089058 1.377696261430868 0.18393279027987366 1.0697759895331949 0.09694789341088571 2.0432456554488674 0.3910523515988155 1.6760732859921559 0.21369575129994783 1.2497504245815088 0.08192924593094589 0.6227900464028855 0.025928422465561242 2.0471458825776554 0.10952240431458048 1.7805873230676867 0.0015786884116418599 1.7159497495234743 0.1292597217060901 1.3915045681515987 0.012845134453620899 0.4517453504014139 0.16947165151972354 0.6416579244366674 0.12965050896508715 1.2670561391954225 0.13840553668338731 0.36859742528029527 0.13807858697353606 1.5832020812595735 0.34744992955524623 0.9233959434025052
35.63420559766289 1.5272830713502252 0.279743980863222 1.121581305357274 0.030404122773669908 1.2780342607478172 0.11635450038033689 1.1396101782079455 0.27352728362908335 1.5550975211436973 0.37849483403794043 0.8911105335879583 0.1867421288663858 0.6841591557095477 0.3018245784786483 0.05540984418417861 0.3353081109857776 1.9457397408153305 0.0734373809015049 1.8886515381845888 0.1110065875934727 0.9125134922760608 0.11347210267833795 1.5944671559020538 0.24958142547788956 0.3069304369981035 0.1619536607151494 0.01767450765425174 0.14139483374457515 0.05021032535990642 0.2319783476954919 0.21543375106425294 0.23548299600592518 2.171289848417419 0.019597003729581886 1.8061755665034045 0.041768275586947026 1.5131747204273966 0.369359051060618 1.8779246296468217 0.33889774085144686 1.8068840407649198 0.23520842341504702 0.36210583869152246 0.16779944761912868 1.4263112997709533 0.006535911541931139 1.4941739884089786 0.0023175241079980593 0.20222180283765653
36.39030996778871 1.1289879818949407 0.12699407269464613 1.2562352254636424 0.060055797837569674 1.2746031319071056 0.08390869160243604 0.701665460962558 0.3674693907997482 0.04539069034561776 0.09358482312431145 2.142580728429603 0.14448180044950837 0.5614332161481304 0.05710465717454776 1.7377252012635311 0.253934982077497 1.5013670182493473 0.021094768898861683 1.5130138242780509 0.007886418775549143 2.1310039980873445 0.14979725154679824 1.621454520157181 0.28420697537600104 0.8754244374438658 0.22842627706466923 1.5175959379176622 0.2835991277910026 0.26247375007173096 0.08058421389733726 0.6709571281871005 0.012555748458160078 0.6129428457634095 0.23833886216699793 0.7283165627767406 0.3136405916466503 1.7861200855450625 0.2597853358183424 2.1959836316654817 0.19434061309117287 0.32091205336953005 0.0732343928101042 2.147063983581331 0.0021693860277888443 1.5738170562719718 0.22502299111343818 1.6526940001803938 0.19208907174209133 1.706680143346544 0.35030410623120556 0.6193974925107498 0.06375915280637301 1.6748410846545994 0.08958525026775495 1.9450047355393074 0.3630738369421196 0.40995490696242604 0.2788661092755203 1.6751004880292557 0.1621611398726487 1.444876627047014 0.363967726324446 1.4756359663317902 0.2505509173954043 0.76190559786205 0.2731355287124637 1.7241430065975607 0.35098911345947426 1.253676216351605 0.03327275976694777 1.0977559712886975 0.3679074451251765 2.080317831755009 0.19032369116936276 0.9607150291241804 0.038074454803184034 1.8972924172355905 0.07308670027461121 0.18230063624044004 0.04372381043428315 0.5502989594801905 0.038350396565345515 1.1251383509755986
36.44033722267554 0.9672967877130292 0.11453780794309815 0.060972433119194584 0.016970991504634016 0.56828922708902 0.11951848894928672 0.02555048869715002 0.37663713222332174 0.9911146209059467 0.23735218529586885 1.6869820316238402 0.14297147632274218 1.0184629879764444 0.18882680513048256 0.9805454301835392 0.3874269320578656 0.7028406118198681 0.3341081886231641 1.4461805133734116 0.3965608127556252 0.6194561586317938 0.37194190467273347 1.98565966097898 0.29542930916434285 0.13694101923675062 0.2786633081109918 1.199247057371001 0.10757231220886863 0.1920011547825808 0.29168965580869066 1.2669238972269885 0.29102340592579024 0.6184283362186996 0.21953430932822202 1.7427445068139695 0.2897351179535332 0.8224696832271705 0.22117265152580853 0.7014920709245414 0.07480040238907502 1.0845114374952527 0.35742177186040675 1.267352280851112 0.3219409247307974 0.9214052004440909 0.016465486014907695 0.5767286531949689 0.20695154266365134 0.5970413874370954 0.21829900419306722 2.0487656780401506 0.3714340465168825 0.9721629451689995 0.25133084730314764 0.5650524460355385 0.08684611859264497 1.0044694052263483 0.21749699406574582 1.593981162835872 0.05684203740023661 0.9832366265849752 0.360534310571317 1.0889457545749355 0.11635468034981611 0.9471224157825354 0.06710873011007777 1.6285284043274295 0.18523554804260156 1.1331359433587773 0.26699297346911804 1.2330700755830015 0.3594294076328125 0.1429461475318375 0.13739906837312585 0.6773638026881489 0.29798250377311775 0.41401021402758686 0.3228815207014749 1.858165439559418 0.3595212997023782 0.21853500087259553 0.3417133610294383 1.9513130603857696 0.3373164198643763 0.4090150661571379 0.3559442898293782 0.17574251556528397 0.27856982181574813 0.808930434196266 0.3112087664757095 0.31498449643031856 0.07848251987262755 2.071380818644049 0.3431662275727713 1.536389473952036 0.20898620340089363 1.7131295765923158
36.7968449557674 0.003968018463189816 0.0355828372669472 0.48734390721572496 0.309497366692483 1.0146730589286834 0.2195069351194849 1.24828315289689 0.28625528480770235 0.4407382060457865 0.1163695293480648 1.7830975374204876 0.06302818455089647 1.316526136407885 0.03957830541075347 1.0749667985871334 0.17458190485818675 1.9015718255505358 0.05128311051200081 0.5203620585221697 0.059573718130270195 0.6354736698098365 0.19490909607481066 1.9301232414828449 0.32597941041733425 1.5638807144293574 0.35284448700539783 1.1404855168532129 0.2796785649593388 0.3525228969614011 0.1357318028355064 1.513382813217189 0.05406548821688517 1.0280602563752579 0.3488225230209864 1.4011115628209432 0.10341661875516493 0.8838384293063748 0.21064275738579064 1.0998820239026386 0.10907431950426094 0.8639656172806295 0.32750985464723786 0.49799933432435617 0.33549255592542376 1.783435815735167 0.019604531358053026 2.1103596346500493 0.01271476958804545 0.2960354144246711 0.3577048840655587 0.8514574537204307 0.2955072300152671 0.17662264936165142 0.3453818043335682 1.3325881481580888 0.24469144317477035 1.6830095552641013 0.3451308015826142 1.9669390491765146 0.14119089441980034 0.9963475409463562 0.07523032852294605 0.49434405211721383 0.006833176806342234 1.7115500571091689 0.14905489674405467 1.9360246789933089 0.3884198440777586 0.20904647963068906 0.3949972591855151 0.4094216096031521 0.18598366487086226 1.8835259485941458 0.16245669791584 0.889175872289975 0.23643605290465805 0.24655821589162127
38.71218537187942 1.5942903650944296 0.19687229649418392 1.2158116033642503 0.10853132897285374 0.6293487329409833 0.1744082548093235 1.2338978178102584 0.2871349466358725 2.0137742150465607 0.3260246856494301 1.4889743372873145 0.12456614908734642 1.7982531961181405 0.09175117823567969 1.4832270466873683 0.17061971563012657 1.6974648115601836 0.01312390909297938 0.678524367319821 0.3922623113390715 1.6859243602307294 0.09411006985946352 0.969234684275723 0.18259597355844034 0.5617653651135672 0.1644232614689236 0.7558672978299307 0.20226326237464268 1.1507550000449382 0.35253073497532617 1.9785347468592196 0.350100410767442 0.6276851477042233 0.1767218072202299 0.18944357546485852 0.22644953331411757 0.46696528783550656 0.09365094645508153 1.568719445931573 0.3235390595336315 1.4737931395280857 0.3836103263952051 0.1875071025329527 0.003929973161181666 1.2611062004580318 0.11046265750382243 0.8305416047995026 0.02367493939375036 0.20635583088972514 0.3474423255921841 0.03225671236677466 0.34736071904910193 1.1272938599513278 0.16356230987471837 1.1286871907362663 0.14760304894896797 0.9131543575326551 0.19769330862688378 0.6591835388256537 0.1950520535972387 0.9365775542037036 0.04930494676235595 1.540639075418663 0.24704711060935122 0.9161398699292767 0.12568812634177698 1.488451112166576 0.3975429881393734 1.442973247796455 0.019601067032331488 2.1286438284596985 0.05071882466017801 1.567852894151498 0.14490350822016645 1.9146811391269316 0.15018628795488712 0.29991788178719864 0.21521711102908983 0.05079543079079608 0.1309051519456997 0.3665505609833349 0.14955728538331955 0.014741286478613325 0.3854909177360769 0.1285853720900939
38.83152210103453 0.4559392651574217 0.3942401606487025 1.7480344549736033 0.18909671910571124 0.82717015980361 0.07659171919519361 0.5280312134100089 0.01468132522323824 0.6143419063321565 0.06360402932666798 1.224499764243212 0.19503791276259694 0.05594034971836895 0.1604217994099782 1.3795227800536507 0.12466617480616776 1.9850644682281258 0.27288726549837033 0.008840726251669317 0.3250934665071462 0.015784421879689137 0.3142597060625108 1.4630029597784386 0.11537647277326712 0.43055875818812034 0.21147373184952617 1.5259153669258096 0.35875369785493305 0.27566064647808336 0.20045957672782794 1.0474134101185235 0.3206931947939552 1.3058903731754736 0.18506758593675385 1.169279132428474 0.3503800699210726 0.036529785868447906 0.30031639758775097 1.826841690005659 0.22237111527320808 1.2953661114207253 0.06832051490456044 0.856903127167908 0.2746534575139728 1.99175220790752 0.12190668713148965 0.9898410909388032 0.00023905956674181718 0.14498182064915321 0.3653522877704779 0.2250166862998471 0.14277220760040535 0.4078208727037636 0.3945733978024706 0.7137428443703489 0.29956439857796857 0.36179209760448044 0.04845824672538179 0.08203886307385033 0.2697872100776174 1.3977266947872837 0.35480934011739707 2.1839855996856623 0.012988029986370275 0.8521272627523584 0.2169157328104881 0.9816860094047448 0.13985672752101938 0.7504760073756227 0.2579366243994589 1.4178369870884306 0.31261127234086816 1.2485806681223057 0.04631321671787996 2.18715286000366
39.321904295330114 0.17903505592285093 0.16120273295067636 0.8114501184412534 0.30660611931361 0.830982649777919 0.2991364724311819 2.17491427619518 0.34420789560563353 0.6003692141966094 0.10345598142544637 1.0713924989244 0.16544549681166348 0.7380172499529543 0.30911350218129696 0.7090941625996616 0.2436184932907234 1.4612419830034018 0.19287378596083005 0.4166933955313329 0.1322524691217933 1.682524798885443 0.3511723496373118 1.5858547873704423 0.054991671133457265 0.5311109946234946 0.17235977347474216 2.0386598272844836 0.11401531225028877 1.673692933947442 0.09676686396058494 0.10136851262713782 0.06823972462383364 0.21121676232660708 0.17297906886902156 1.366431450901417 0.11652541153426386 0.25693381801606685 0.3135839417131889 0.4381555238746242 0.2602942152327287 0.6939899287221758 0.023965865722541536 1.229313251984241 0.3698806457071244 0.7702394560143602 0.3053406356663877 1.4685340984384485 0.3478645861484855 0.4368933873630709 0.01914271558705747 1.7525485011563273 0.2145454343813043 1.3404960870616058 0.30962035912030006 1.7110948401539663 0.17968487796938393 0.6798402385634736 0.23918552041411345 0.8903912220067216 0.34932405872349337 1.0900048620139744 0.18445316807867285 0.206850940127358 0.31255199269677286 0.7427355901749698 0.029415388749181037 1.3419743264026396 0.016557946213406494 1.9168165294696937 0.03789957258525334 0.30206455003277344 0.014319119202795872 1.7010443109122546 0.04299520198498694 2.033838441363703 0.24308938041189762 1.9430566783112944 0.3115487402228059 1.4708719449510652
39.430097485904845 0.06390133355296679 0.14855492023021247 2.1766069933383583 0.26630725323030163 0.33603716057397687 0.1014058212603894 1.3636987522124557 0.26718274114761675 1.388842758733464 0.1553203430509698 1.1352373707204566 0.25996006725824894 1.6000587043013756 0.21656052792327435 1.21012125603447 0.032210840212241236 2.0722796353490573 0.262834536837359 0.6277459674928609 0.2188893232967399 0.25914955378232285 0.3092327999391989 0.4306513095042054 0.11952829766495801 1.8535474260102673 0.04772309169840208 1.9844154504411093 0.28360777612162996 1.0893251683641882 0.3020078676638084 1.6339174134808347 0.06054742351889586 0.041948752751257694 0.12327237180417816 1.3703319499195517 0.03302276313012849 1.9794565639694417 0.3543187975385956 1.363780579226837 0.07353607686311041 0.2505406200609438 0.03339374129771091 0.9365248552332244 0.22484006141393054 2.0764657989117774 0.051565021544589 1.4474463982195167 0.18152405510296066 1.6482294451633783 0.09270904141726453 0.9751888721065396 0.23091411795840067 0.03333114109822084 0.06023378668913857 0.18529773629586385 0.051032493452021745 0.09243379459402803 0.3040836481487443 1.0852393998472027 0.2307626889558863 1.298765358586717 0.38331519794827784 1.3472348822390905 0.20009606065797955 0.6239281151517618 0.16667251128866414 1.6535674302733063 0.020775150458308425 0.1204067410777868 0.35231544590907315 2.1754046264031524 0.24256680516760507 1.8937652118381139 0.25658604509861443 1.6662621642337645 0.043369801175827984 1.3501627786566157 0.052257894099689485 1.5004307280490279 0.28027321412891365 0.7070630833629289 0.22311326946916532 0.6698877740760295 0.0038102308245014263 0.9522662850830154 0.3921770772248951 1.1166269590848903 0.14065897181594786 0.7738741438460909 0.0018604772783231472 1.3529989697303653
39.540436942458875 0.8956445341811147 0.2021138897605376 1.4629759886415206 0.1949148339877536 1.3298660616185698 0.3495324453398674 1.156426891734516 0.10368885900664898 1.3592714239155792 0.032609710010150915 1.6682180695792908 0.17772285382242817 1.7948166018567664 0.2945480367129098 1.5382337494753922 0.25354232978058006 1.830725042228119 0.04960869004642224 0.8047259355331349 0.04423220140603093 0.17385531974771923 0.052710544169916496 2.093385161240074 0.0772642937787524 1.6756305473326518 0.2000873187011087 0.2300951087293158 0.3615585417755333 1.8015319040770579 0.11729964673605849 0.22149953332626476 0.371956140228513 0.6619061537473289 0.369073722856058 0.07110007546678315 0.24239851877500676 0.568967309968888 0.37224502665358417 0.43390551064247157 0.3502695312025863 1.0995474643913474 0.3200008582588301 1.3118900382092897 0.2983811113285196 0.009615450625356181 0.26625723386973993 0.2962670411467644 0.11832383521305215 1.9360810272884224 0.0881771016336896 0.0701261906954761 0.38959763788764135 1.4885894169047023 0.3433206933262599 0.1716013782808361 0.19814063705464147 0.8432276273483845 0.35123701253529566 0.1995462101169535 0.16240897462503412 1.5480792464117332 0.34312393461405305 1.1002385469324862 0.39330068326942125 1.974463638533351 0.29086453277556473 1.7683396528323583 0.2511730099264797 0.839644398631397 0.08510184868798559 0.6857274809394631 0.2406910609953121 0.9183100390862374 0.1423271589360644 0.5176806920364262
39.7239580751066 1.4308690390821999 0.0648179325164651 1.1389921419962616 0.29096144546650476 0.4133021568384986 0.18596456046177226 0.8125496218780871 0.20823895353988378 0.9467127496225461 0.03940719407901412 1.8235991099334625 0.22728973912999317 0.173082140389522 0.04320286438908769 2.048126309326806 0.2414543424513207 0.1131131758461733 0.15754403018974533 0.9706029775466938 0.3196821729924101 1.9375962908110202 0.307813479701838 1.237419697603485 0.33102629195696676 1.5836020680876908 0.059595069632890456 0.8211147097172345 0.07068780880648338 0.1443068240165657 0.22144812524762414 0.6125508642082369 0.3135654944517784 0.4773626552375044 0.25481199269108845 0.800005321269887 0.35368557535965595 1.4094910471503084 0.13459395246048592 0.041963853898973946 0.19487295666794768 0.28368257068320696 0.049215725513687004 0.7169832410678548 0.3974632887535908 1.005104344709084 0.11601765046539288 1.512729440766068 0.3851231074898001 0.13377129588736458 0.1952699376747769 0.034878706916048156 0.2039986181343831 0.1978430449361148 0.3331193606359185 1.4638775522969523 0.06473262765464437 1.4031938044428263 0.12900706919980812 1.6788260790242457 0.07546848296681019 1.1946878568545725 0.0001395305551322501 0.8983182365655302 0.26903802020296314 0.6204623087073976 0.3996041598689615 0.9849697769189333 0.39056737498558497 0.7520519243342987 0.3823143019271317 1.2812213489565603 0.13558033854647983 1.1907110777170324 0.24320685325497626 1.139621960575082 0.323659966963738 1.5669040492249944 0.14811623323641016 2.042307548793466 0.031471249617513575 0.07888671360766647 0.0006467861817407883 0.9297426061817113 0.3327626737707993 1.0209065135714688
48.21054069487098 1.7706003684726452 0.05218185662574442 0.782403335250974 0.3201751738374273 1.2997905524948667 0.13730918436530068 2.1006114509313805 0.14066541557044615 0.5240285869177163 0.1298409461312244 1.5901932437675157 0.011892868441157934 1.4353089955893035 0.36909567777813024 2.045061596540667 0.3583786344398883 0.32963744628997904 0.08613811638418545 1.4589228125466975 0.16610121201407316 0.16071926681877224 0.01321879886545001 0.17340101563845856 0.16786652962963983 1.5399040008846057 0.2519810175623084 1.1422299238052787 0.11264894095494866 0.45482719090414625 0.17522394128125926 2.0946037389107066 0.2003660640268095 2.0467701421424143 0.06634715900541659 0.9215318743758917 0.19082743488846463 0.8504864739895323 0.03638936565403213 0.7891108018662923 0.1554365845687459 1.1225234320415094 0.08462318866084823 0.04779321897061362 0.232107353020437 1.268644572792716 0.23684492344261387 1.5192220725694348 0.3304204103023147 1.2013318546433138 0.19457021982530046 1.5461043857979253 0.24786221827392318 2.1241120335179353 0.25715299286048854 1.9114085155459422 0.2767940084535634 0.4386701397162042 0.019499031901172127 0.3551761728035471 0.2116598252608625 0.9293827238878092 0.1410190599621149 1.9818990565799104 0.03632266330049632 2.182331491648918 0.04878683393921173 0.27328813742645414 0.33304481417766496 0.2474356933628325 0.34193076804998396 2.0573816577133073 0.34642545272650216 0.6320659562070533 0.0016483645047832508 1.9671003179998046 0.27126382310416275 1.8787507478011813 0.16633534552846313 0.5553070776295373
49.82218068221118 1.377422922363486 0.15643767510336418 0.9523764379306398 0.3683929839137802 0.45870462919304544 0.20376531251681962 0.5945503534880814 0.0445191914718166 1.083320228518683 0.0431233857681594 1.8627511572296616 0.18939099907356668 1.1950088402291372 0.38350087567381685 0.48536268652682973 0.054980194185679704 1.8396177144585648 0.3186644363771259 0.4930024867647176 0.35822605782147937 1.1859615542765807 0.10480086745503724 1.9468932681473334 0.09881068336263406 0.5387216867716623 0.3397914001815827 1.4274996280448726 0.16874353811210493 1.7299240058149994 0.12750618323244015 0.20356933329117202 0.3494437121197631 1.07546611124361 0.1542730098199633 0.9607720413727394 0.08647545075290607 1.0696202732764999 0.01743339463603686 1.8025411193965433 0.05972113978783673 0.22636610551872852 0.14193886827368105 0.9992042341304822 0.2814915094385174 0.7268101104193402 0.17059059765119802 1.5042903908766554 0.2860821769860222 2.07248122346673 0.3436580419561449 0.9902479258414407 0.3571314632408494 2.1329904227899865 0.18078474495758878 1.0127362579512549 0.2880730240114226 0.4745575727883194 0.28943002184819483 1.360130403718354 0.164541694101575 2.1671698726930946 0.00032166189447906395 1.2322891456922738 0.38910348448086346 0.007944781551475245 0.30517476139532596 0.22022415250769517 0.3613533154832352 0.13560053090100466 0.010687698305885007 1.628276304122153 0.10590586934227214 0.5161366429692462 0.19476390600336788 0.8825977119561151 0.3454136803924577 1.2869258178816732 0.17961475484923148 1.1118357984416112 0.06515117154814352 0.8972504947281263 0.39090287838761006 1.647000145640734 0.1434019764309428 0.2691726084986326 0.0711517777106605 1.3377813740411129 0.06279967959754935 0.8586668355976672 0.3451809035512826 1.3526154459022213 0.3879333524825128 1.5702406130687006
52.73341457372946 1.1650846997081226 0.33868804666387775 1.5897321347604516 0.3819926846258607 0.6422875659196151 0.004167430489570245 2.115833716942679 0.02835572261203181 0.35958664929695716 0.018391400243014867 0.7358761986940994 0.17899388180547438 0.6303948543961083 0.07613421565422313 1.8974402375434944 0.37166194308835476 0.8834771806637168 0.17623373019850327 0.019899971724261792 0.049637937033362216 2.102355430768722 0.12124993963803835 0.43982867927390595 0.0678412877750612 0.9408382299646314 0.3743153559073182 0.22816859381846857 0.07776413920930221 1.0672407004847346 0.3946500109933775 2.1820996366380787 0.07208230710902193 0.36632981505804624 0.19299349585782033 0.6101656920600317 0.09198636531855141 0.8892686489209164 0.18718431100392896 2.1677339566836924 0.09610917716314193 1.0956847338151712 0.16976271611023638 0.8032721860664547 0.028656568799032556 0.8903642175580384 0.09188847027675391 0.6578801985233645 0.10258575165664459 1.503753227981633 0.2722303045131113 0.35756818469624874 0.03841930144098056 0.029909951447583308 0.292990388057589 1.7611684882318794 0.1361365475031561 1.2745073100867135 0.25122367702256143 0.3338818643587274 0.30038193398472823 1.875902057432558 0.06894434772065856 0.8970032070379635 0.24302107153260769 0.8583477539850992 0.08446998508914749 1.8157308492344615 0.31906725131750335 0.880332288861978
54.40094714503533 0.09034091154371081 0.37166717237938335 1.8164578166109198 0.03640580374410596 0.2781644960738387 0.008718349939629989 1.274128219905543 0.2965174358883749 0.021717607951120058 0.16236324826342421 1.729520773613539 0.2606982364948731 1.8279004271466295 0.14758279858213483 2.0054632518095836 0.12611695346580176 1.3397445608927443 0.3424044464684527 1.8182445382344605 0.16956439335189175 0.4483558051073502 0.11569911044360018 1.5141535090879703 0.14068973421134867 1.382266260920822 0.24212086893252455 1.2271518743179666 0.06600614492389081 0.9812438412068397 0.14529867503391336 0.9584301441375281 0.17955271392944838 1.44730047762039 0.031934592244098114 2.183619545476322 0.32680551715291106 0.33295484042545354 0.027772737482234036 1.5843063591779827 0.19029067253204937 0.454304238403365 0.2007836307402734 1.8137531642449993 0.007042180417451105 1.1124962396789322 0.33819671660715056 1.6784209549364002 0.3522628012688997 1.423183220749712 0.2805089358778127 0.637244352648897 0.35346331332031883 1.7801404342112328 0.07806119636921194 0.6838070899767023
54.68152818958851 1.5053520018239397 0.18067121183232004 1.641981628931654 0.3086267091149139 0.6905638668736689 0.043116773553622915 0.3982218774140405 0.018566075167343855 1.9921824414273328 0.03468656779964681 0.9755076599123474 0.0998048759617642 2.04437840183463 0.1414928983279687 0.8156972772446532 0.14205788917968373 0.2424629162621677 0.04023329643493332 1.2914278109411912 0.3373520512213121 1.0305936775877933 0.3197567235979273 0.5646484740765813 0.10047865691882817 1.6982434053883493 0.2747515514457013 0.8172320846150901 0.30393600049616526 1.9234897934198871 0.3508077892695996 0.15606968877618196 0.12306235943642917 1.472146474674542 0.2142963453561118 1.9796886698794482 0.35228105687649025 1.543238709138683 0.34326897037241855 0.9510816788087205 0.11784305702626288 0.7235347287281958 0.17416546855950257 0.09509633406704615 0.10499698255724109 1.3704404270361057 0.3867494116596297 1.5967248796547164 0.30375241782596757 0.6598751289074558 0.2394118146078113 0.5982518195325209 0.26432228848867856 0.8399918953608803 0.32906529377286153 2.1027449534846108 0.14178085348123273 0.7341795011421887 0.17517043706902863 1.368763355577523 0.1647639875496236 0.9190487329030095 0.05251375590120149 0.5026121065996523 0.1911614161084518 2.083502111597696 0.28903535920829915 0.7447272522910132 0.13864629958540214 0.6957794863699118 0.31045487189904875 1.9260491047742512 0.170997843788515 1.1801806885358306 0.12262475916514344 1.3799377717969872
54.68439932527382 0.28178408847383984 0.2951726573759221 2.1909215550617236 0.32470928157171197 1.4266910763050347 0.3149007340223699 2.132372936363142 0.37561289507654555 2.0049178870525237 0.3184588168752286 1.882084905466495 0.16906476205724108 0.8615768376815127 0.08876388292356291 2.0390359920049996 0.07021741735318839 1.4611378180613628 0.05233087975060631 1.0194396481966406 0.12143379460567322 1.4810664260436681 0.17445534574092628 0.4301003229747015 0.29438737354201566 1.6269383987093995 0.02463910860844787 0.8803301728315186 0.39901637299832327 1.0056077926506162 0.09313029889909696 1.4716684705418652 0.30112670408690256 1.3559718717735416 0.050147718764582995 0.7597569440767352 0.07817117889053007 1.5123234095949332 0.29552536865443496 0.6390288044411156 0.1966063737667037 2.0157732038263627 0.38285125157969757 0.9537839202736907 0.3970936079807068 0.10548801468119687 0.2694197355775072 1.0701797658892462 0.3525486688950359 1.472656339901802 0.33789892772296404 0.12557709357885788 0.07022080256952772 0.37869427004539086 0.10313869419227686 1.3599396378986564 0.08200576669314788 0.6094792187775252 0.35856662722760063 1.0331227096653797 0.31424296369924226 1.0093129651762371 0.2499117605182217 1.9290878888621543 0.31485712974966834 0.03292302653857129 0.35939887017753974 1.2889059923148083 0.11768966795361271 1.8974759366577774 0.0786435280989418 0.2847271119522752 0.2169050506274255 1.1431495342372915 0.2571743246434767 1.3649506514187528 0.18520948822293928 0.6765766290062694
56.50890922676053 0.3213293561623703 0.07675488123917501 1.0581333214371504 0.29448116325349544 1.3724744050116995 0.1799957768491639 1.1896356972871407 0.08232654993096676 1.7554450255807534 0.013007940721547496 1.8227580399871597 0.36510227587670185 0.19360731240016185 0.15714907422941385 1.431234126877305 0.07480043265978394 1.0455182607308942 0.16985702693118362 2.0260164769452627 0.07197018812256797 0.9308268237456444 0.238494194216378 2.033426771943476 0.04744146626889348 0.2861359704701617 0.13718283395098863 0.10290605562981461 0.07120256602953937 1.4614468602270558 0.02451938600837731 1.0533492519510235 0.2900640174877329 0.4961117447669963 0.22140071419245277 1.8987192045745476 0.34647494134257656 0.5582759477713853 0.31386008146249267 0.39103650913862226 0.3518223601332699 0.7201637646760065 0.20053052717936173 1.5886190592656413 0.10991384443275738 0.5010424402486633 0.18202631558667226 0.08624250079579804 0.234479982403499 1.707522990459665 0.25873965860438014 0.8688612653242794 0.26008308830468463 0.4104646495047856 0.3263266219836401 0.6469751055499579 0.17109738647702655 1.390522368897328 0.14091572796494184 0.7894762729252329 0.16218276224772585 0.6256210704010499 0.3419087076688406 0.9289651962653879 0.041937836134065834 0.5741160049552604 0.2803676734904567 0.23567172696026079 0.07897448911183874 1.8494585231154756 0.13126674723013312 1.7108526655494853 0.30062158017009455 0.15781888904020325 0.35177620293958917 0.6737431369730073 0.07762169723252521 1.2887936326473324 0.11932060369526348 1.7068558761209516 0.23300661246084672 1.8290346706798062 0.24509518410374295 1.962584777186984 0.24583381051350203 1.3004914076445342 0.00932648930697746 2.0365250028841158 0.3315680015715056 0.5242968462417538 0.32094770534805955 1.2669236277484255 0.12644819913769362 0.010615181517091133 0.32064330261834545 1.680660848008357
59.13799644532148 1.32051994716768 0.2408141276440978 0.9852230857611063 0.09669352021986298 1.4683084129625288 0.3938811387515354 1.6654863820481467 0.2268704668575432 0.760432729985374 0.35456379160994334 0.8244864146381606 0.36631457662772987 0.2287878452268154 0.15441783073745033 0.6305569795477081 0.20371924175236586 0.23639043659694287 0.006196217839387775 1.6418975679182894 0.29964641669504216 0.966600391011745 0.3358399754422506 0.7637761632201139 0.2023084026124299 1.9495292085425282 0.018755408843349697 1.1220778394431612 0.2573492826677111 0.23546539365213273 0.12473615918440602 1.2642379893184845 0.19832067560062533 0.5027558116886529 0.394584290908496 1.1339323770992205 0.1393413305513616 1.3974516234325058 0.38005673972138515 1.688123961738195 0.29534494560178076 0.7752264337714703 0.3902196747311797 0.29766156533496624 0.2711517951584331 2.1681495553029126 0.335851132669171 0.9305606341043351 0.09813088850741498 2.070935499537997 0.15823419722528437 0.6679317910135554 0.3195927738270734 1.5977709225235095 0.12317178651436711 1.4014657860905992 0.21577738808539249 0.773227223411207 0.38392260762268604 2.0976284385590307 0.25586633720741997 1.730795993011302 0.10441133883580998 0.26700220524433305 0.12695621989878583 2.1929558212753104 0.3172490797571683 1.5482706826931047 0.2143268955288473 0.04368980040308757 0.2908356783010931 0.7395125127741757 0.08256702984387615 2.1184951084902486 0.3839858179998996 0.8762461494769717 0.23298582388491706 1.679552882662526
60.84469298978784 1.5447971619269554 0.0220351585762828 1.1373666986597804 0.1745435776592419 1.3941499084530167 0.32369719885233134 1.1650569810895495 0.3461157136517482 0.549824461293005 0.17233031758858952 1.7955401142067267 0.04874170564995661 1.7343671622416652 0.11261291416140025 1.0812669623221582 0.013400560457985034 0.7849380506360599 0.21037773145220867 1.502009437584017 0.2853817223421848 0.5534739225071743 0.03780224521050379 0.17606882302151663 0.14106803983398414 1.8206353141091765 0.16834188356097846 1.4189426664737455 0.03840686368484234 0.20354767361715329 0.005350734558503501 0.6325774592045296 0.26623103666001285 0.5656263658697532 0.26060300645313633 0.9116751325157261 0.011771757039982856 1.8548020682579383 0.29258720174146796 0.6260315390579294 0.17512194879250417 1.016983249461464 0.19477810031027587 1.8005430639412323 0.21080624394471204 0.4956627087522088 0.04301992835408455 0.9035704947996119 0.25117401251101434 0.6708099290818984 0.02244041993574051 2.1895762186740573 0.30749303909301906 0.4596089128362496 0.05276272575956931 1.5501556943790735 0.37489560858558807 0.7581583169204198 0.3420784727453618 1.289385454877847 0.04815180933224435 1.2882394741351086 0.31529551072140966 2.170661668985 0.24749294876921352 0.739083991624738 0.02097351603041733 1.5555053480151717 0.023041449037445316 1.548914270849665 0.38224126213029835 0.4504295940489903 0.14583328449741134 1.1480560931146058 0.34181770760380437 2.1455433137439623
62.43231907369468 0.33297162999646024 0.016187427179324178 1.1478517420240792 0.1605372214010677 1.1629357860372764 0.30654606055269995 1.6035459779071188 0.18147515764538308 0.882842286940257 0.26453421574219504 0.8254625597901339 0.28016037205672134 0.6264358939819308 0.3370776101391592 0.9640313956174392 0.18983283287048736 0.78917845653924 0.18478751629815338 1.1471783557831632 0.1308358952278272 0.8044965671710043 0.005627951314109803 1.4241236678808986 0.38901352837143527 1.1497236898747705 0.28686297488634555 1.8543899136681896 0.1447927724287321 1.0449155174016063 0.12595254577049558 1.314583720702794 0.08654216007065552 1.2365190186752817 0.05911231962387653 0.9631185877776907 0.016255962877987695 1.6795838052693493 0.20670564140823589 1.5667491188954956 0.3571407266575799 0.8397573451962624 0.3447248362603752 0.33670361190736214 0.26372573171994695 0.8257835309036466 0.16766557176136576 1.9693206675349513 0.033354780319604774 0.6546179845880653 0.36298764690431534 1.1083451818966688 0.33878104699324135 2.125007434820413 0.010213927464995498 0.5778128908158353 0.25981293641138575 1.8184045470808259 0.1537859027728554 1.4919161954443787 0.35576852634233697 0.7317518131830865 0.22888950755028536 0.8047324767181011 0.16094700731238448 1.1856297871047956 0.06258676984086171 0.5256761413594121 0.1962746374487447 1.09934484709648 0.15510621802606686 0.3137980039035454 0.36075475102284327 0.9280001591722414 0.06447743245041507 0.2622867721007508 0.37229708339106876 0.9684149343651521 0.2616156340165954 0.29582607942887384 0.2717491830738444 2.132461717159732 0.18404680401881876 1.6701607624317338 0.273132284054622 0.7306813640822603 0.30244016469687574 1.9157357354695552 0.1517258411124018 0.5759154297695106 0.3022639853688036 1.6824271128937442 0.36473100372703565 0.6561070165000484 0.1422936737232801 1.2947733075010999 0.14944759663730575 1.2380511024350993 0.09215303899919461 1.913749185838793 0.3419545505247699 1.0156171195796433
62.99800182726051 1.1506277059841337 0.39924233971244094 1.7764288082141757 0.34187195637479706 1.6167942346316213 0.266938164907781 1.485345735760403 0.1645714352458302 0.035556849243319415 0.28906105725000913 0.12886373055385192 0.3423434384459468 1.010684614445126 0.07949803218916643 1.9950870306001787 0.13640009105014675 0.7121985599634552 0.0244914265128362 1.3745559562922416 0.25247378812736715 0.20104059142882788 0.09814847428398794 0.524141606165839 0.09570621942801175 0.24700307310171266 0.1794966982685569 0.557633851777239 0.33830505564447433 0.17025279285769293 0.06209522311337534 2.153049965166843 0.34202175754985775 1.224480026975244 0.1942005612845617 1.5734490750718415 0.14283075720239144 1.7297283516119182 0.37154603834293515 0.5563858437009475 0.1854381550442799 1.2599317505733292 0.2641215752175962 2.0700372356936114 0.037186756330748416 0.7766603204942184 0.17445131988901666 0.9995444371430116 0.14288364199524337 1.5433008861566686 0.2726737979475435 0.7490380941870048 0.3008106546719891 1.9864269371841983 0.39541719060222347 1.8216666693026 0.25529429609717397 0.1697974636374871 0.07093099324397216 0.9672756863019867 0.1917080306519401 0.4959714848145798 0.21701204318652723 2.0294973810001724 0.3835696450097248 0.48946883824792975 0.14036962066748254 1.934340800284181 0.021609006769294937 1.2222695017119918 0.39669335342945317 1.673546888203594
64.41803047319887 1.3638460036225948 0.3834206873353885 0.4992108042575425 0.15343602599475592 2.0658061753851054 0.07495250261433162 0.20255814137876574 0.01721133850356753 1.707273444118829 0.24916169070036226 0.6715871629262613 0.19116498232586526 2.1231452532684574 0.015065552673623151 0.24522205023132165 0.13702212324071136 0.9134147046364522 0.1438905911593653 1.4506968855150368 0.12445301599478667 0.9210100947973036 0.22094310845687704 1.6387082722664024 0.20749565987448915 1.7539201054022835 0.10395551435380056 0.07267223015972307 0.16648332477849268 0.21850846539942126 0.2108486387562795 1.8651898178714839 0.030284046094392905 2.0699986647442237 0.2294029579974517 1.7610144735809325 0.3282261609179404 1.1869677558547014 0.3823209364683527 0.5193794189320173 0.07211080151099943 2.0355345969794723 0.21876979565554971 2.109540680396075 0.04110609746391956 1.6717119787438972 0.3909352032871505 1.7378277589587368 0.31298837652549705 0.21445178104918172 0.3294277445612508 2.1990873794683394 0.11012984665316737 0.022952827142744627 0.15123708548126757 1.01326868443614 0.2544339976717912 0.7222332759676509 0.19254981919719782 1.0955598628175973 0.1749957363893403 1.2392463702324328 0.1518556879057098 1.1403051383814595 0.04831426014841176 0.28163287422930455 0.35060182536176887 0.27820262828193487 0.3171723462203438 0.2786462418168668 0.22148532065883064 0.8275506508688049 0.24527427315332787 0.06663003185790065 0.3199548553930925 2.197913492271753 0.12419953468789023 0.323055619623254 0.24623890769622894 0.38029480538946137 0.3252008951916315 0.3335662679621598 0.14446730157586876 1.6246591211294308
66.9247207822201 0.1114482470839747 0.009807669924801888 1.334408629519306 0.3712994216049924 0.165574003215188 0.2774218393076261 1.8165066802993672 0.10942884754697216 2.0641477647706026 0.011437165543350903 0.44426140596947317 0.24328678370022738 1.1713810686803938 0.005101754839931427 0.2545501913080698 0.22089369741080578 0.20025036146784866 0.3104192911179843 0.45842708584159614 0.10935954463300762 0.931068773720289 0.09304658486326894 1.1536895139826866 0.27278252869300007 0.5934092636975912 0.18294042763302187 1.737610690190394 0.20743369743563062 2.1067568095048235 0.14185847966837706 0.2653655368164216 0.19320148940359638 1.0840004103521967 0.13968273607094744 1.739070847667001 0.22724322257110338 1.6715803379140557 0.3510580187503803 0.18275258897152358 0.3286220784120459 1.456350348433429 0.060810360554386204 1.0246012606737027 0.21987318849210988 1.2587766904166486 0.39825875737907074 0.28977301969973673 0.1852058615865001 2.0097876592450783 0.2632975148819967 0.7929555487096563 0.21003359826513557 1.6600223442824267 0.3773784012005089 1.4434055434165733 0.15147419026808417 1.4755821135882978 0.09903599805838757 0.3891759718617281 0.07811108669750033 1.6819857988180977 0.05780650634540523 0.5275316433982203 0.05357154261362669 0.9941371990665095 0.0018964772064554937 0.4219503685123009 0.082797416603397 1.6935585211546802 0.17354239049104528 0.939725424494101 0.2017922508422946 0.3454369454923765 0.16536975522038025 0.5429759166195472 0.12918471321512737 1.2781005062742854 0.36934899112817754 0.45555418155556654 0.04678216563734661 2.0235996660812985 0.21576507603399478 1.4247569755068492 0.20088437007016774 0.6873345343570931 0.06694718239518718 1.4635495798070555 0.044444339675981985 0.9412606722772395 0.28312759850202435 1.8119074570835205 0.10630729253991374 2.0509106928386887
68.55658027984327 1.2468387912138983 0.2020446330377789 1.3628503330886268 0.06154196364071956 1.9290704485518624 0.14544025648594183 2.05131255354527 0.08399851845252147 1.4366383625683274 0.29247703568449673 2.0134765741873637 0.32422930417789764 1.9692595517916653 0.37916446598905584 1.27119548995343 0.3038678680628247 1.4984003555569199 0.03289404878168627 0.8538899369136799 0.03168779314479191 1.0973854243812338 0.3468938886671788 0.49111740003811705 0.08475331707659045 0.8219180018163021 0.37002737996774937 2.138445341900933 0.17251086239244984 0.8430005361985623 0.27118232900031075 0.2725482586534166 0.08734137853224327 0.1199132638333647 0.2740139866548218 0.7844306044951816 0.015112501719779781 0.09274076453184127 0.0741917010145234 0.6063185995594218 0.1708567326195925 0.15844769330559838 0.2902453060513443 0.9684133826336243 0.008583934348985833 1.3565902163649823 0.09369863130340197 0.1616254768587626 0.0011467359843445825 1.5467945903024616 0.20228619699349715 0.30264243773121857 0.10271790840593945 0.03926674211984307 0.1431564885957431 0.6142167262978167
69.61663871638252 0.6836401582120938 0.319769243918146 1.004658424794689 0.26019693138426647 0.34461288558615577 0.051271017897528505 0.3519381034255519 0.2950062835531801 0.014827471884231282 0.1886373525199947 0.9570195374085352 0.0019736254717658496 1.857532934405691 0.07394010553057613 1.633580065667394 0.33988623202765333 0.10688347479232159 0.17209320515100768 1.49481400723275 0.11564098873659301 1.9119630907485696 0.18372474561700256 1.5939810649212975 0.3285295222098118 2.0992572993133267 0.25557438697377566 1.5540501439923107 0.22224214995030014 1.469830577820917 0.25925290799307416 0.9315756857018989 0.25353556575072456 1.060975129224127 0.10252459519704074 1.8200978185014949 0.1093568546983276 0.8592157409079526 0.14457014050707204 1.0159567050078295 0.17284538571448227 0.11816250815000746 0.040333912181605314 1.7161233944958207 0.10245872395989918 0.8147647211902865 0.1472360957063071 0.5662692306793021 0.39192174836356397 0.8919457278805885 0.10866021677305544 1.4562764180902839 0.195843577402945 0.34462809916190734 0.3668135334530658 0.4956374489701528 0.17198151818990556 0.4673762873076062 0.34369111641024885 1.4581110111019453 0.07606449306945295 1.173573691475848 0.008169973878517344 0.30754555156623814 0.22703421974313087 0.41315894925142455 0.10510055194018571 0.2826734344847375
69.9788597483976 2.012264249304838 0.3686244483480525 1.8327292865728306 0.39390454456149265 0.820308889817376 0.19707220168374265 1.6761362059421698 0.007199859734738245 1.5788984286376255 0.16098368976287203 1.7829368186111036 0.021834447539605728 1.6454921225709638 0.1794606188108604 0.1706215559519767 0.3160502353306402 0.7313810738771203 0.2620616005683011 0.8276904720463356 0.2727126898561933 0.3711610176021652 0.2541496703876385 1.0352741160065935 0.352725801748297 0.12529225536680969 0.35049788050568204 0.32991392208597947 0.3935696473084254 1.189521820774695 0.06505885161357354 0.8329520654798448 0.3633966898779406 1.3337050178416936 0.0706993428631356 0.25643508284343514 0.19048521038040153 0.017867210739114084 0.18223741270745164 0.8631017723210423 0.317465632865414 0.9810288613356805 0.13624958946831697 1.72096278467241 0.1200695351506958 0.41873620852068044 0.26151798163314693 1.9418982600452048 0.06476592829772283 1.6205987138997549 0.0062816039564109975 0.058477076073664196 0.252548105282113 2.041011529638967 0.15908282922271397 1.599113848366027 0.23776281690323092 1.2871648858774598 0.01626769981153937 0.36721874471646915 0.21152019280170548 1.0159675438356757 0.38989654983222743 1.981555911162168 0.017941489338908666 1.5215402167696905 0.062233320474834125 1.062236981181392 0.28559020902597604 0.6246136023627027 0.07934216564868174 0.14341423506202455 0.3176727041839776 2.163378265025491 0.3666161647512371 0.02556826077671284
70.73724561568584 2.1026687582557955 0.11878208646465938 1.7250742244179833 0.10252577267513674 1.7508368603287916 0.08657067707045285 0.8691076064102801 0.12281277731584389 2.1587339102195786 0.33717274986110274 0.5170922807065157 0.24309218123833243 1.2285288843948934 0.01864293101210626 0.15793633062227502 0.04766003222319215 1.3152343036317042 0.36133315449983816 0.3761230798040546 0.3295682262062369 0.35205341743193025 0.2482009645743124 1.4498673656233723 0.29225123475145287 2.109361433519193 0.031822258783052164 1.1801027672533582 0.02266396954274237 1.799662240229267 0.15584770779085153 0.46307819192906974 0.3115346315955437 1.3218516759791217 0.036033275693114944 0.8226154197577464 0.26399668385901565 0.34810754803991806 0.3913155876347963 0.003407657821722432 0.39570099292859684 0.46009713329657065 0.2973806625780166 0.18254594922457976 0.023771583566821165 1.9343444244434551 0.30104646645895194 0.6067028913932323 0.07979779947462902 0.9024668334425187 0.31745713563158956 0.988016930537788 0.08064298884621653 1.9271263880985645 0.20498978030413892 0.36500240846547655 0.2803448831486094 2.020057520976879 0.22674472997516104 0.07974493336783306 0.12949845818242173 1.9010112162580897 0.22840353385264575 1.980194112074579 0.20121058950044046 0.668054416516964 0.0018806179280289382 0.37302301775808294 0.04230099586998786 1.7650883714814514 0.09331058332396616 1.7485216525487368 0.14833551100487968 1.0750406045126253 0.09163965608393726 0.050849381874758987 0.04968976835019965 0.5976779670237183 0.1749492816371095 0.4109251079230723
74.67014273267355 1.522658534824682 0.3228811814455153 0.17918469754073366 0.3566579960099075 1.2753698142141183 0.037728899454792277 0.45625660937922813 0.10248686737480744 0.9981854457555226 0.23158849584748853 2.064808346997695 0.14063347688916142 0.6861624524627127 0.13347662074893116 0.6554967846764691 0.20445243645434585 1.3737531324289758 0.1760749154062649 1.4520337721551146 0.12153033947608019 0.6441369101535361 0.3820906313106487 0.12415153608670983 0.0005322005695352683 0.8490912643828551 0.29036513464205355 1.1236462938091019 0.2290271786283712 0.9262886872047158 0.34916656357300074 1.6686680240961462 0.3794242998691518 1.6589203726584423 0.13197201230207423 0.02642164159230638 0.05538940073753249 1.4505058132671433 0.1665809526930908 0.25716902456780955 0.3623231510931475 0.005586340978415283 0.2402050089113896 2.035667764226985 0.29244839155316443 0.7387224980923517 0.085851129883251 1.2365837920852554 0.2173644771109646 1.9017325918533856 0.36317820721123856 2.1673420159207244 0.028557222369977223 0.8667342284272455 0.29904202106934613 0.7342756171924624 0.3248564985291519 1.7988864761833574 0.11202773708241116 1.756365350093495 0.26192558828808854 0.18782279576443217 0.013539436682954388 0.44153048721621707 0.25022349510501324 0.7447976974034413 0.06424030073678902 1.758199665808088 0.03396226300954441 1.068237437282758 0.39957025245010747 1.5734151605976365 0.3054923789172237 1.1427008479428402 0.3030748675054756 1.783553138406276 0.3176936902063606 0.9775709732745477 0.24962920334253785 1.2022842951589805 0.2405498595057159 0.3234707621892432 0.39754529606652955 1.0474810792865255
75.3601830712774 1.9107463700588716 0.3806744787664109 1.5798775717194034 0.31755871035850164 1.93680682511025 0.07516397600857748 1.316762490239652 0.31512487833777786 1.2311724843833196 0.03020853526982812 1.908280610830155 0.014009737904249331 0.10788728816040133 0.1686574747276493 1.886693209923096 0.07763691228272296 1.159367970643534 0.30468701689948596 1.1308958827683036 0.3243554150712356 0.8782861599543574 0.15530094909166292 1.6974983283810374 0.25454711808567 1.6057954242564296 0.046773116346542444 0.37983001870929617 0.08824569477255442 0.553238326954243 0.2238260489552257 0.46938879054879784 0.2971972296526826 1.215173132227868 0.05906375867423783 1.3978411424861554 0.3910742550800686 1.2546705751824625 0.12996703493118195 1.5580781867453224 0.3343217970657068 0.6574498414510146 0.268941559410376 0.10179638629806725 0.2205443926466887 0.17416512622285266 0.09064492117788144 1.1015090782414345 0.3454627353520431 2.080325556341094 0.07804358898983726 1.7802687082794646 0.2310794002098321 0.47950491042993154 0.36427753671514485 0.4595905976517812 0.29371440531436893 1.8760287107155718 0.04303076505528911 1.2514321241445976 0.006818393442847137 0.08732592123838136 0.3272453503320234 1.9555944459758179 0.013788908566649383 0.4105229481304348 0.19353965014781416 0.4107487280835089 0.09307834337725232 1.1722504619715186 0.12951038543676138 1.2164896894275117 0.23604161139308777 0.8714995723230595 0.39920616855169977 1.0691464499318428 0.3609047494191976 1.2766801217388672 0.20429080702771574 2.146411886492988 0.21350159260268808 1.3945774535209514 0.22402072862774758 2.0200437044335455 0.26794794482259804 0.024382794518533094
76.69009481941403 1.0538423958042762 0.12020886130563789 0.20721959545430285 0.03819437483803539 1.112110312245436 0.02677013703708533 0.1598810803740354 0.32173584084532414 1.2509166887751826 0.1596228830109499 1.8785011252141597 0.2585487296494043 2.1372371151483716 0.0496716835358642 1.1762170485192598 0.02207520983355811 0.027547502282593197 0.02696903979496175 1.476918798901409 0.027972963680669906 0.8470399458416341 0.204567489317061 1.7241417013261764 0.15797771262827878 1.7443358423730098 0.010005848621881742 1.8481726135963665 0.2914914806260806 0.8429234286054275 0.003204331860650722 0.4462001075299862 0.07546185009566396 2.0026498308606113 0.0629639474918121 0.6740106853408896 0.012326257685771981 0.3022932213959244 0.14406576914713118 1.0297001480097558 0.37014728677352854 0.6767849250905915 0.11963729087246953 0.22372275769283054 0.05408697805020135 0.30963074979566185 0.22871029912733545 1.0137792982337286 0.21821029710274598 0.5791030612866895 0.29199876004988107 1.946024425983578 0.2735897292843975 0.15511155397870216 0.10835758961604719 1.9675465179254676 0.20449505144720737 2.110895191509136 0.2522808549813756 1.870475583373067 0.040213545133086996 1.6043033411274772 0.07207378538114338 2.0174098349219833 0.00840255057068382 1.4081743146677834 0.3543178613084398 2.1555985155445514 0.011622882502500032 2.0387670290314843 0.3214680067421828 0.1062179751845209 0.13463435827065662 1.597725352772241 0.06493858675329238 0.6136770039376227
77.17636809581019 1.3208625548697468 0.12473129731789223 0.29095275157549844 0.2290368059353675 0.36192846372853144 0.12446591426494172 0.1224883883025225 0.19848290212411626 1.6589224681650794 0.1774723623300367 1.102458623379903 0.16209630451668913 1.210670756232111 0.11920705295751413 1.156017307566615 0.1091270671112711 0.3029893998431752 0.20598501893301857 0.8303802185180834 0.04545146168255379 1.5540373040063555 0.08018653184807448 0.3776853191203707 0.3112949955338532 0.431869121065391 0.11534449564998184 1.8122875429152436 0.3567237209946574 1.3989388017016735 0.2326307401932545 1.7586463374973194 0.21007296156651223 0.2639974682829415 0.053934560244219255 1.8824562280483534 0.06640271629087939 0.6070142917939055 0.13268920301735904 0.48225009048145334 0.37120109279710833 1.6480504763596426 0.30577290708109806 1.8937627270723305 0.2242165894749892 1.8537181376450005 0.385571671842047 1.969685411369601 0.2107171175472499 2.078857912341067 0.03540880506672819 0.6697097550171064 0.33001740101909693 0.38902613377364104 0.3615890812094011 0.7842122886294189 0.12400264398847027 1.7730757187676915 0.10002418092812576 1.6292667294723306 0.2520595943730369 1.5094707119191653 0.09029366778452307 1.8122747753841748 0.2796113141652347 0.9165911285865771 0.1269621242326969 1.2922538471162444 0.19674119324265568 1.3920188565272402 0.09955851932448999 0.8112345081160615 0.0734761510200678 0.8080875574603026 0.3679566965820237 1.5555987628626138 0.13522861419716234 1.6843868702960993 0.3187030970354865 2.0803662341494276
