# No arguments supplied, using default parameter values.
# num_procs = 50
# mean_io_bursts = 40
# mean_iat = 1
# min_CPU = 0
# max_CPU = 2.2
# min_IO = 0
# max_IO = 0.4
2.179476810169742 0.3663062369945898 0.08197130905969963 2.1316021644185166 0.14201413696044551 1.9071481087988649 0.14881593911118754 2.1356778068857287 0.1457947753356093 1.4289307211132751 0.16319994819877068 0.3026067075002488 0.05378817483375187 0.4147527970419715 0.35276437924309684 1.8334094203081452 0.253752037451798 2.087109301029479 0.34247550927223314 1.1903940242262876 0.22292624807312353 1.0351200348511898 0.004197561796352023 0.617346067707419 0.05649001686500861 0.10890216418619654 0.3068330958993246 1.9095848636046893 0.243908029705746 0.4423684390625227 0.022435276255659043 1.4485402745306584 0.22016264038148625 2.0278043651373636 0.21856239011450068 0.22872232170568277 0.28241810167568354 0.21029631602577706 0.23303834376631222 2.014297591877128 0.1650893390579381 0.5188626678546325 0.08964143753022076 0.3740898897263179 0.13604033453955652 0.9030951651000236 0.28319911957637833 0.5110910581646531 0.18326960640193768 1.0128944623655152 0.21707790247771228 0.589125232209162 0.033922795106295214 0.12387940988591749 0.15730019213498247 0.20237219273349527 0.18872527212621884 1.5871986567993774 0.05227095847770857 1.0980322892517915 0.11443182493675362 1.275359466767364 0.3011058329715808 0.8165042067695168 0.04756335279234261 0.8205877260324472 0.3835819400879008 1.004863801002663 0.3018131825390049 0.3133239372138286 0.1761086759309548 0.6482421028850823 0.3447377896870278 1.8706098518366852
2.398794358159287 1.260054236906147 0.09658381446512232 0.6209381812130481 0.2595162647674664 2.0640866378104525 0.07144901462689468 0.8010475308237059 0.3759852560727015 1.9686585302949338 0.29370965666976784 2.05981054225945 0.0017398905444535374 1.0944250644806983 0.26335321655824895 0.6814134620941471 0.33768409422432977 1.6486395374229414 0.04098740283172018 1.341738821739902 0.29570554048287323 1.956941083791873 0.11942939731013157 0.1855506628774898 0.32718831678400834 0.8290904097068138 0.005561019101678566 1.0084862426979315 0.008985369018175371 1.3421069361631057 0.0837406261549874 1.9641055219135548 0.20509063534280442 1.2777370519000404 0.25587944142279706 2.0938501611082856 0.32335285320200446 1.0535046059953124 0.056745922144203625 0.03904061823432068 0.0029356776645408813 0.8712010792757917 0.08295825260343902 0.006834423357917486 0.2652958448221815 0.726330262105338 0.2825262955180305 2.1649385321329855 0.08801893858323712 1.201417501489851 0.20064405790175896 0.4237583810255006 0.326331983610305 0.9417881408678089 0.3439129724046517 1.0285666806265377 0.17023740914170019 0.3561616155629017 0.22799371755237252 0.24725846924058928 0.1801047736499491 0.1706851893404535 0.23412401493687143 1.8272881737942828 0.005561718002175909 1.4581684762516807 0.07480135859382742 1.3370592314634433 0.04611893301406966 1.0747486106314823 0.3375110351678214 0.719027866075369 0.1921381492222318 1.389176495882747 0.28345607957907953 0.10700421060717881 0.14731504978184945 1.239353555676289 0.14144589308128674 2.054682460435622 0.1315679827517314 0.4413800005342781
5.092555636472645 1.5184675159228669 0.1251672451854393 0.01707152999192836 0.30772486577099367 1.403448494890279 0.032590903853064825 1.804102282004665 0.16859375384434783 0.8242911646261244 0.314834368940893 1.6765514309587808 0.07382763828233632 1.0746795431875509 0.08127640885994057 0.057224165073090034 0.19486988504262126 0.5922505014178517 0.05245831074336041 0.5939576155593499 0.29669091625552574 0.8850308527688371 0.15312589072954585 1.8318798780572945 0.18039461608271742 1.592887738235802 0.34029285635968387 1.0781543364493382 0.06870797526752273 0.18227146459962706 0.2899641085982497 0.30055304352161727 0.30425697346663994 0.2239897484368761 0.3350601805251241 0.8923417317434422 0.32337323079516767 0.890528251698325 0.14786566502162843 0.4866906492696588 0.26706033067288626 0.6463864859859065 0.2830545728741473 0.9895479399458473 0.047607985036393075 2.1689968489095555 0.20968873271999328 1.0996475165743023 0.044525587063661304 1.2627713787192218 0.08061162705063252 1.3627305264813294 0.22197845412047076 0.6138842394621907 0.14377771709253895 0.5523109176043163 0.025221765561145526 1.2569063317180171 0.009782444048214645 0.26892845446254926 0.021361395999306733 2.099596129960284 0.24733838204532976 0.13439130258647475 0.23731244622010192 0.7867802682788612 0.175435196797886 1.329010550173582
6.178990198401517 1.859967363728413 0.2115786442421783 2.0718873483031173 0.2709904281257581 0.21926320272688285 0.22627356281318434 0.28318123469776335 0.11219825299336264 0.8020638602618065 0.29110922533656086 0.5410986852550853 0.10671290157441377 1.0494958390249902 0.21399712566676948 0.75644224670907 0.01872403350394536 1.9111010150717436 0.010053128864031358 1.5128988313423193 0.2614082984683516 0.31308928778474 0.142454889888786 1.9637141293482159 0.29196114877105617 0.7254836521656046 0.39068048872670014 1.2447969732640813 0.39517064367153076 1.2223608580874503 0.22092410676755336 0.9993621347940409 0.06178731402315543 0.550096037504902 0.1263407484409366 1.224617351002736 0.07073008963363359 0.9927206875862618 0.2444826196955369 1.089920612029042 0.1368105750649627 0.6917792862183056 0.04274755618753226 0.32634060519467106 0.36239696161179563 1.934585916356706 0.17984422117274473 0.6266852271370524 0.039199371219060454 1.6016962541571573 0.003815226016189577 1.5360278863209058 0.18555804060661557 0.6004017602047191 0.34803505763837905 1.5314270046784726 0.08967431926912993 0.43958632128653735 0.0060250325185994495 0.5805316412004682 0.03887716617684203 1.2087379069207143 0.331759820101444 1.6193665997439797 0.2572849436073021 1.8639173845231962 0.11381712829278046 0.16558216948343843 0.011687372221614112 1.8580674267232213 0.025265879479645162 1.8269671665416152
7.0088729544706485 0.17790319143187783 0.12054675703918996 1.3959710231582112 0.3357579120344265 1.9852505474190465 0.1535136689267319 0.8899307660877577 0.043922653915885596 1.3253928561429995 0.28752575955471465 2.1491779185466733 0.3948766742574024 1.702819890374096 0.11840930392503637 1.7315942493214938 0.22108239045948458 1.131507809581251 0.08200452562776911 1.0785940204279192 0.06813963480507153 1.3757734762392433 0.3165842211142933 1.6451492125091283 0.23157686226845434 0.18135460152721883 0.3737947211688586 1.9690283148887808 0.38380951918476564 1.7408197136355428 0.37000372254969727 1.5361703127533541 0.28749547765782457 0.9083597742794164 0.2682859185512183 1.2352431268817494 0.3702280943272901 1.406885160811049 0.26882702487576643 0.6757738440382417 0.023097052401438 1.6047893804193405 0.2776744637099237 0.9604879415726542 0.360762873826171 0.3370171066872964 0.20865532090796082 1.0241364817678384 0.05075049338619247 0.8562367236246573 0.318005207540466 0.11731012423808675 0.23125154701235623 1.8599029418958575 0.3421510798586444 1.3788504403704076 0.2349932576146383 1.979094284207579 0.34742528059193095 0.15297056336623907 0.02260015446963917 0.8602302449520813 0.12037145093576723 0.5830506199963474 0.20860167917934833 1.1091125283773575 0.3799978306503257 1.239438032166986 0.38761032229101944 1.751977774432434 0.033041509312524524 1.758408440877947 0.16581398290059757 0.11215562119266438 0.0886707854912952 1.2996443968817333 0.2723807899271723 0.008198939037303999 0.2378533010537688 0.7755398939961893 0.06440111319452142 1.4031510949508819 0.13207726710923945 1.0050715301759716 0.0732602574025719 0.5002089498785361 0.35455020654956204 1.1534555223380334 0.031257533216021205 1.7622213922411147
11.41337493923617 0.44443076120741143 0.241103630003158 1.3501228190576906 0.21914693312222996 0.49078058629308324 0.11443575588485935 1.6834531914985582 0.3852034150879653 0.36818856936355343 0.3948412015157523 2.075142831670759 0.07862346329467461 0.6353967664524873 0.3324206151940135 1.7934159857715135 0.23107273954956986 1.5513713549109456 0.10818120430873597 1.490452072507137 0.21405462011391704 1.4072962242125058 0.19423055666181477 0.20291363022569794 0.340406831655723 0.42050779745469924 0.16866192186164197 1.5946421521889111 0.25712130744667727 1.9023874529562304 0.3152224339318477 1.502701164388583 0.28418609819675483 0.5600256498611106 0.1964689329933744 0.2721558627309541 0.04035370374011982 0.09031542507477647 0.2596718478555335 0.5540093065253305 0.19679407663825482 1.249806365760829 0.23965108343966923 2.0379046023256873 0.04739383179172756 0.5154001989789528 0.033875154962383296 0.0734668234099245 0.19260587624176698 1.3677860787328373 0.07462389134198628 1.4626747048922168 0.05011276014907584 0.8673186009220767 0.3505505939796957 2.1639088835245204 0.29275446046997794 0.538378220109223 0.12991480220398186 0.29897987876604537 0.35571899593651035 0.25183638544674675 0.219323741940866 1.664662229672773 0.07121589984294699 0.27940257200603297 0.053608919747388 1.855512363781241 0.2666928066977175 1.6344952395247785 0.3702069541440698 1.2800927557585342 0.06636281842515426 1.968550390440001 0.16375717187548677 1.181862233763683 0.3787907320021309 1.209715133987621 0.054398600163146994 1.3691435976719295 0.1403543720465871 0.7820024879521669 0.04952865251765326 1.2218974505826286 0.011385136375689164 0.47710674365737255 0.37737945396645173 1.5989436961200374 0.34523080299691733 1.4304496973526657
11.944733680935922 0.1585004181799323 0.23405451992982906 1.2974445589314139 0.11886241773732942 1.103550942202528 0.29411897615285704 1.8750551399790303 0.26896265986003354 0.17557486457010776 0.01757471919451206 0.3760438545063523 0.07976889067103743 1.5541763637365869 0.3910938451770111 2.0037242980667758 0.010233263473912358 2.098115886759736 0.08048798367046409 1.9616304546207441 0.12565388414698 1.9072272901960348 0.313677263658249 0.26997375097209436 0.15261156425070307 0.0838439883217121 0.30244701378317784 1.7143022459552348 0.22647878579921799 0.04487501130849088 0.30457663418959413 0.21064868862540953 0.14829121997152916 1.9953932005173176 0.02125416576783006 2.1252454966722216 0.23413932524293615 1.4417187568652854 0.3519588990780794 1.2827118158698294 0.35178384989909517 2.1640829506550086 0.007566800781742034 1.6272036594553636 0.3321922294815503 0.18407427095392664 0.37671623440469393 1.0249704848321153 0.2778382400330543 0.9035023668046052 0.252444698063547 0.19149970842066943 0.21701429949249307 1.2959458698067432 0.34593221371300825 1.7128288917554038 0.3310240852499082 0.20381445340921997 0.16842282376926565 1.716982572089975 0.20949309226318036 0.5353568776373677 0.06792425752526103 1.9837274157185325 0.23710062628568518 0.022937564843153613 0.11251767338009411 0.12171483319490141 0.05551631876685051 0.2053341966618419 0.20878073348227605 1.9888999834802552 0.3153248800354005 1.9769537879130643 0.17138836852655925 1.473177229444954 0.15740683237130884 0.26385381596391555
12.889177401843348 0.9251784704328251 0.3041690730328346 1.677776820644329 0.15448107740647554 0.2794676443931718 0.32228467944538913 1.4137488558507554 0.29514141381349457 0.7130987777975386 0.23781528708184638 2.0853716437027554 0.22341946316161626 1.7645025450736023 0.09009155935325319 2.1811112320970265 0.3003394321334851 1.0052144117762996 0.31433743973496775 0.5707265470938326 0.192535184427717 1.6849942968871 0.3770354579835434 0.6730587253155275 0.20882713020569837 1.653430505984982 0.1774138951087804 0.9722217416141645 0.283766086429642 0.16897154975585388 0.14315391794845309 1.6580916551751688 0.28140117832595246 0.22632571013796046 0.2302711582499966 1.2656795261877456 0.25204270699323356 0.18022212526434098 0.2875486869474798 0.6330490917740847 0.196387485396724 0.8953286915826085 0.16838260377541625 1.0123214427089884 0.16002612489717147 2.066859744773451 0.23327294516293035 1.6398314095489912 0.03873969131226507 0.25416287974211943 0.1792501248693884 1.2340199805308278 0.2851734866487151 0.5296133037074501 0.24891503772873702 1.4320365967079305 0.3117560291213025 1.1129002676896191 0.04891737206963969 0.023668876218930858 0.24776884202698946 2.002450042531273 0.24902505060797392 1.0023809043664966 0.3220174076117184 0.5845153144833095 0.03541098887604828 0.9017183372938509 0.13795002475010315 1.4291335014922872 0.04709046032502365 1.6045058696591814 0.3791643400413275 0.838932807048665 9.597117806769973e-05 2.053841270050932 0.3990339148801573 0.6598444830449396 0.08636854136250736 0.8357582643541573
13.618724725386203 1.347792583830613 0.1403189017243976 0.6362607703967341 0.14610367577206956 1.6571501840712233 0.13945533599919205 2.0018647905396674 0.061949698475144865 0.8050617625922736 0.18734321688855068 1.452941104449102 0.24211752995564592 1.9212832279481444 0.048593531241539895 0.7890052360962774 0.08177626555701895 1.9914890141780635 0.172988118216025 0.5333289758840536 0.010418944071783943 1.4733818726670351 0.19355265286209158 1.861073396138516 0.21755099209234624 2.195814823607334 0.025093374016964543 0.032794228748277025 0.08662371930352193 0.7281049496104067 0.11269071583931521 2.1737005635633175 0.08725999537576352 2.085995078484914 0.3142587093297168 0.33737329987761383 0.3205668606094914 1.9939266881516793 0.032445728722122306 1.0439593624972292 0.07619083872390414 0.5695880439962466 0.12373976321373115 0.4512924488832608 0.26675130157306687 0.40930853283764174 0.2504959200159229 0.47301465006835436 0.18093151769653126 1.8175050917672706 0.16654675825490536 1.8814863944037483 0.10111894653196628 0.3784138992379489 0.13014589340597854 0.04191248895652216 0.01475581977938214 0.3617640325805563 0.39801899868233637 0.4381766089203748 0.18406038630962512 0.17727860940656506 0.36274934705625195 2.1016436898533604
13.768063613734139 0.23696069867381894 0.28317396256888955 0.8818210681570766 0.003110173728156296 0.975711672083558 0.032447344604789 1.46041996776347 0.014069284535532712 0.8813103216786607 0.005300360393998772 1.6397007361720084 0.09871562133282469 1.706484630762512 0.22394795999186323 0.7725210072505639 0.12851980265630145 0.5893745687446125 0.14427598389615234 0.7325911401848008 0.16871988859650303 1.4722565871994993 0.007997790003397577 1.3851621560643006 0.1204647095970394 0.8731076960784648 0.017333593522510828 1.8642470885304296 0.14249341049893857 1.3095198014335845 0.1537778408343809 0.04466811820701864 0.2525454201414944 0.981477374149019 0.22623141124345958 1.4347711837725123 0.19111517309543302 0.07841351496814285 0.22385341164584183 1.8106747342359975 0.290578789959508 1.4007231801934465 0.37806860341500836 1.6353852345961464 0.10262693561945656 2.0897416678427674 0.37763741499637715 1.0405565178715168 0.33056642818637005 0.9067136329207107 0.051394928659531484 0.38269643311310964 0.13948049074099256 1.794617288264045 0.08970460765262143 1.7202558906248955 0.3410711780328944 0.3773864759783659 0.357679583932182 0.2224795349848993 0.1421942126479761 2.073664353189669 0.31071762094999705 2.0919399092444415 0.046326248101557256 0.7663902281227212 0.3964168444546183 1.0655158273121732 0.3560146981275873 0.8708403101512365 0.08184246324979086 0.059971972422417766 0.06621405845103982 1.559070303415184 0.09415053032894748 1.978087731706598 0.14489960624054424 1.195940979020516
14.991823458526023 1.3110757446623962 0.33891183782503065 0.1796511592578034 0.24745513183161308 1.2518384921011356 0.2787480529276613 1.8624289864986825 0.31698741094373317 2.1775469513014665 0.24584682073580222 1.4904756218859763 0.17155449902693315 1.5008292184355827 0.08322553197271287 1.8079795428171261 0.1770772427115993 0.7744788160171806 0.15095621825801572 1.2264237386998338 0.15381668501063903 0.32128409950463394 0.23931824567308912 1.4769567156278764 0.05363771818338852 1.2914302012443546 0.03254287249033512 0.6875948474439578 0.27643703489847105 1.8562536666376035 0.055104583165896684 0.523630389263448 0.29726956652968645 1.9385346212440302 0.029840336309712213 1.3575100943034033 0.17207649467648684 0.8062699080400668 0.16228390241661972 0.5654253586575642 0.08335014076836883 0.9730466076188664 0.13653904728580263 0.26204192743533966 0.13761430543123132 1.6037792190633322 0.33483322511844443 2.010269664406275 0.06843178413395315 1.7535039149398632 0.22197325221400252 0.25191956350556344 0.22848054736072598 0.27727650250924807 0.19665481678926877 2.124939491856946 0.3574772837490978 1.3917495538780587 0.39351714903146806 1.8425338848823745 0.001963120392284168 1.4533544542882775 0.048742436528244865 0.09856070001512683 0.1967651718277674 0.6842202043491095 0.35603098863012006 2.055662701395437 0.23118106235946267 0.1630343715385425 0.015475488673181338 1.2361099575979557 0.3467612207724237 1.454262295320816 0.19036324104125663 1.58821325374623 0.20686309940317615 1.0366215594601247 0.12247676347624999 0.10941040286744032 0.20239503160238168 0.7687802391389729 0.028417454905110075 1.6452650537994369 0.26112257908505065 2.1512394850209096 0.3166670441888748 1.2457662482260397 0.15249242511601435 1.6637945270617707 0.19400917481958038 0.051837990019250116 0.023414533638096115 0.5386944512388327 0.36824709828030927 1.899151361540848 0.0925494644000851 1.6713182993460842 0.24144397153655023 0.008942436904160522 0.2019674282934356 1.0581984938583835 0.3414448335154631 0.1576346215247226 0.2632942893927473 1.322909652593267
17.68365776767528 0.006773391335966928 0.07326392384797464 2.0724113980827523 0.15775366740703314 0.08590997078262107 0.3438955477728044 1.3864715558107472 0.17165015513947748 1.828121603729886 0.07804654938127734 0.5003274131676833 0.19827628151639753 0.5084205335525679 0.22562855948830407 1.808416720118357 0.31281323501530806 0.13496579063067515 0.011452572643116055 0.46691004077286696 0.34038193335380007 1.4588555926108706 0.17009239306054008 1.1130779110610505 0.054634314752560045 1.298727026343457 0.006124630082614147 0.42690927176978954 0.158001443116431 2.0049304547572966 0.14101888892796027 1.5781342389224786 0.15544385528090304 1.1146112137471609 0.041839337338295174 1.3669480636375508 0.17436935427831518 0.328371837937741 0.1059754594677735 0.12551477213357093 0.14213807233188974 1.8956125796242982 0.24076402116344686 1.78719164719969 0.3155205374779873 0.1006203762133714 0.3251665903940124 1.7264819090323351 0.31437235571626 1.4110077062498614 0.24328382258303038 0.8543233835120249 0.029289325837742464 2.0228369898698793 0.2547413902972803 0.848236085175788 0.2626472391506656 0.4447212580696075 0.20485463265629483 1.1222794701017273 0.3135075445934239 0.6145281990137877 0.3819187263654389 2.1698167322233166 0.10925662101289141 0.265580220959696 0.255920340766465 1.874794056516402 0.03885693293763062 1.5832005806367884 0.190738409053673 1.5053558353781324 0.3139682187255377 1.9224113720594533 0.12176683640419612 1.168058733298448 0.08482789741917146 0.4495788175793906 0.18342779480642002 0.12539179773791703 0.09196292306837331 1.7360675800899823 0.04906154837396164 0.1018255960369049 0.2941960311760391 0.3687598122448567 0.22761352031232837 1.3832437654922387 0.12947827811472418 0.30607373429889234
18.1636253293378 1.7596269075358184 0.34316631106293927 2.0075632067274958 0.20251103838267373 1.259869530083026 0.34238345043526525 0.6669533053274908 0.09955576126816608 0.2888975472352934 0.18677619932657108 0.6461534040022406 0.002163179856732578 1.6208817671416622 0.0009122255965244631 0.5466164049045842 0.35298980030110383 0.2450799998302859 0.3453515319515149 1.988168838885438 0.11345692246187884 1.1252224017524481 0.033143540885293636 1.6277013052824347 0.08959059433295545 1.2229944532019688 0.0822159342257066 2.1332444296024913 0.05861235243009993 2.137713705292415 0.2502670163115976 0.3102831657313607 0.09889135369671283 2.197965224791272 0.25037505936456983 2.1831155671561686 0.038900551742416356 0.9600938678385764 0.058121403753770506 1.5921931300853982 0.19464480263427647 0.5857678312502308 0.09356215861250355 0.3569310931010575 0.06296239069236491 0.7412137123506971 0.39530767640033626 0.5418177612639273 0.2937583572425924 1.1645485737918777 0.08703590045086021 1.5025303288899194 0.07003776514024991 0.49844636069097265 0.23854805837218993 1.8995591099424725 0.2478588783779494 0.23348318684655034 0.3925939689553307 0.02650969338272906
20.085048874913873 0.6644703147228266 0.0077083283066748725 1.924124274347779 0.047481087147258544 0.1737169439090358 0.032848462704475126 0.7754026330476325 0.3237344372045636 1.5009315042402858 0.11282329548167294 2.0240571723448775 0.007684470356938533 1.1228855487927 0.07451501358851904 2.1981884803100913 0.22311241114034477 0.9650353028643023 0.37862277303041236 1.0429792705421923 0.1457929015583039 1.7014881141720997 0.1721418753853378 2.137654126002671 0.05203196079458641 1.0713568902246902 0.16568428430761678 1.9029030334216213 0.2348616596561684 2.053480437657706 0.3193449755302121 0.13177797202365207 0.1388053368414374 2.078890669194119 0.0005989460301312199 0.87660878944842 0.11619642637035416 0.9851326913270158 0.1378696950988316 1.0574986985915487 0.38534917527062806 1.2654652334855867 0.12592844854093804 1.805614106869262 0.1491389562841679 1.0999868289564172 0.354425780466704 1.8548948118904502 0.24415107366053856 0.04496698128683894 0.17174784355832098 1.6021600732891903 0.1401899661059054 1.2932266802407433 0.15387102300040612 1.2438951760745138 0.16478163653148142 1.1477709838505752 0.19104327687836398 1.2841788188398902 0.2999416378052961 0.9038927016108631 0.1721368845600039 1.342896057898026 0.2160659797911274 1.9892292248292311 0.18712602451259286 1.7135259351995007 0.012686614967744748 1.5595930176800863 0.27745756588641285 0.5215328424418542 0.33119343356870834 1.3512715628895486 0.05009410260843899 1.2228730639681815 0.3524237502014713 0.1764120539595481 0.1816656056387633 1.9748661231843785 0.24030665511084584 0.7839697407534623 0.010287710335300737 0.05440007387295565 0.3702940817617671 1.8886596290786304 0.25392736518572656 0.0880557159935969
21.844847341070405 1.4163888206691329 0.14875548352748638 1.3649282319464662 0.06333672679182425 0.7460649613379453 0.16447174748668922 1.4411507550146332 0.2870874750881039 1.5373688313244505 0.3074412742850713 0.9277215519338647 0.1852384973612134 1.4761825572378018 0.21485620596510185 0.3483434462157261 0.0654215562598719 0.8822960081163177 0.35050986602722656 0.4907172848346425 0.18839665210537057 0.41941127152520635 0.3624598903814015 1.9135686009279012 0.21955752029574024 0.7578327997894131 0.0781884356761978 1.8641180619906788 0.2622520865421841 0.3423185165187506 0.015685493234645787 0.006470601153319167 0.2965792351433277 1.0234268742219579 0.3962222545064016 0.40103208754124847 0.18995893591705043 0.99216960877718 0.302121560640426 0.8165064909883865 0.24895485401480608 1.9500233945110097 0.03835221552303767 0.8652289758692369 0.19566117356371207 0.4131583096139822 0.01152587941957628 1.512581190122643 0.14038858789637346 0.9273267886192813 0.21796827331059934 1.751522278149316 0.05043339512018102 1.6304998577953032 0.12029504795597559 1.910820723660541 0.1319984210056628 0.24598071550522183 0.13885105421645633 1.385842071305766 0.2649884827827869 0.7086672163113822 0.04711409797145741 1.3795926279280046 0.07937742998627982 0.973216760344733 0.2620788068495164 0.7940944534134764 0.02880141126816991 1.6741214775806823 0.18320200945608311 0.3614329483116175 0.22802431079907587 1.2594320378157142 0.015697109632797534 0.6203529783143406 0.35496906867318434 0.7741573509269876 0.09598303795602794 0.873552893422269 0.1844610856924847 0.7717231979789076 0.01576500662448779 1.2939116515106017 0.2307855713439432 1.9857407570205876 0.38279082571048034 1.1547377023069305
22.070454942731306 0.9197047852018981 0.07404354655644699 0.44108127868131425 0.29114529102785913 2.1823588509959166 0.3886960533159701 1.6820756605124558 0.11139120784967962 2.087681230495784 0.23283151725978316 1.2267389222199314 0.04587263026588802 1.1523245138763718 0.3581313328021167 1.2423365373632016 0.32457172777230103 1.5848714605626466 0.15409696734645242 1.2002294538278981 0.2362228772831821 0.3848749157752587 0.2786133998708643 0.04722548038991375 0.12499987583046016 0.8076332742718229 0.19120956005831122 0.04805339705823564 0.055348309573418276 0.7894676017351441 0.31930857922236205 2.1302917954440237 0.11534804273608015 1.6749153404451396 0.15931938764509576 0.8763329893717352 0.3689503573034476 2.0806683472877974 0.20239763031568025 0.2218545296616781 0.29578764424866083 1.5958240960900911 0.16625890279621303 1.6291719786929801 0.18618267735279723 1.5796275425794912 0.017969601544901792 1.7073072481537805 0.36791759782521344 1.621486923614967 0.292784034740903 1.6738730398179613 0.007652158200292814 1.8726313937981391 0.1788194167947808 0.2340029709323895 0.3125743653227846 0.6998465884278381 0.2809705108041636 2.0671201748525756 0.023542641252682017 0.6190101162113273 0.0550679506245356 0.7533836249699464 0.23321682606689098 1.9104650021478762 0.2658250736711791 0.8604935061140415 0.33711128431016646 1.4870609495109477 0.29875156236289435 1.4589400477701726 0.09627132261066618 1.4936853030945374 0.0955485914185287 0.12057861422084014 0.3468883809146353 0.6161631465645748 0.37175079482830004 0.6383278472474782 0.15202226235832686 0.7432118255750035 0.05816572073372957 0.6917040009653144 0.06543196430668177 0.5339981139940423 0.13930719545999493 1.9648617395147339 0.29851872630268533 0.6005205911004616 0.21172185653145467 0.9407148063534512 0.2811559961194214 0.025934649188525907 0.11153468705966714 0.12416390451821156
22.17237132660933 2.151834725094425 0.052654187449335456 0.40009234188760034 0.1713064436201103 0.38560506921182713 0.08981550947462749 1.873834932670797 0.34333952427410674 0.5885874931009978 0.08186280188295175 0.28776609661557034 0.22139181654672913 0.8990677774833551 0.10406981598237675 2.1839893458814266 0.2874351522821782 1.497929107338131 0.3169813414555333 0.8059468514241407 0.33641249733604467 1.2385864410932164 0.10878042714465291 1.3263951568768861 0.04591839020491806 0.20843394063033716 0.313079885485928 0.6556108382267873 0.36645491871731783 0.8219445936028033 0.2629489489782843 0.3804260452768029 0.10035613735285676 0.2801563437892824 0.005806476957263574 1.5773034088105002 0.22010828154801293 1.682943772894052 0.15616927255350233 0.10570387989910253 0.03389958961192017 1.1773381205564402 0.1485515110439339 0.9178957929199945 0.06425675106012921 1.296875655408896 0.17940181459613336 0.2165140215667787 0.3629399569179404 0.9792289463681979 0.2549285420638396 0.4086942703423895 0.1120224082849644 1.4943569825824972 0.28900375335277456 1.0278422373909557 0.14009426763383726 1.322709493497056 0.05551747138621326 0.31444453253806454 0.17743640654113527 1.3026402616047223 0.05512404542284748 0.34894442880293225 0.3428526409034128 0.6637234861649725 0.1175182805211219 1.544794214445776 0.3993155450512757 1.496986259034279 0.08568611307103668 1.8269758040015724 0.31713930267997464 2.0274658789329973 0.05495185648917267 1.5378116338969652 0.08549517273179918 2.1164797526474346 0.0017344994004362846 0.9043473088918147 0.1154115375497232 1.9214764871723298 0.23911510030683414 1.2551429421431561 0.07522302756696325 1.3431502176177572 0.011495482024555637 0.6571976750822062 0.09169746993032978 0.5272972182138409
23.362600158292874 0.1594942577537437 0.30986158655586393 1.1746468364106246 0.27081755151359915 0.26213193782506483 0.2071349289822885 0.6783773771259461 0.18005895617258477 0.07179914898412001 0.1911313135622244 2.1855198172892045 0.0887522321399362 0.48625910683213136 0.11442592067836017 1.676259580220144 0.19926955315732459 1.9211166152675547 0.15816318116083902 2.0619888647617968 0.11318988947304276 1.578077023447403 0.1582505552956883 1.1868594270082657 0.31096325650039097 1.4326471340078084 0.3459299782996706 0.3067117085505413 0.25907100431023034 0.40635308071805976 0.29735625804163823 1.8390314956445317 0.16711200190070025 2.1446387358464984 0.0696288860590533 0.009008482989760959 0.23407518225886564 1.511934515984209 0.364537632974772 0.633900525753005 0.024376129553494153 1.256476431140842 0.3821621278450224 0.4459471015253601 0.25159415210796826 1.6787298117182496 0.10177039638694532 1.6729758754324635 0.15166661915098956 2.0438814757774844 0.2158472600420164 0.524202187763065 0.014663581186247044 0.6163973640544808 0.06692985957224344 0.7474468555268196 0.33813018835630526 0.11871885640693168 0.05190726963160426 0.18764301930432617 0.09940388479641467 1.3865421812708547 0.06920287593185025 1.5750944648868215 0.23497197076341322 1.7237358672744507 0.3781950217165324 1.199643551586506
25.59514033945005 1.8870604908328135 0.24764907861935087 0.5860565004762894 0.28511476892202164 0.6599194100270166 0.24762010617168706 0.32492314229775837 0.015622655908297034 1.7142766569821406 0.06132807990004632 1.218605189553269 0.3484360491290411 0.35336546314617173 0.13555466377425573 1.774419942703218 0.031177604776439917 0.693411078867058 0.018040033851000326 0.7223076853708649 0.005467995812652094 0.5366427163271331 0.0271982999300731 2.1520503005438356 0.06549501542708787 0.1624112273661692 0.24291300106365485 0.10461054152172906 0.06830251524831561 1.2370374070931862 0.0724232366390325 1.268821562654224 0.03479230732241958 0.4538283410322073 0.2930814455161754 0.0683967454440881 0.020895577790452216 0.365499758361069 0.2942958516718988 0.30113937324916384 0.013373669229624819 1.8528041049145703 0.18631161882018962 1.462422168691773 0.1901583601280318 1.2726686046293998 0.39685474220456785 0.5561726160760105 0.3858466852675991 2.0161405698504895 0.35956509504071843 1.9266170535944196 0.18522832250419713 1.7733434361713003 0.06916417357354003 2.110310572972765 0.018395518196136162 1.5572284894337676 0.07695968102578701 1.593200550809683 0.3103529085183369 2.06344351869342 0.278854212774667 0.845638456319266 0.35567566126602074 1.0873996868317444 0.3323448035821423 1.803076226867835 0.332757088745159 0.27115443673227363 0.06513998604899447 0.5014035956796672 0.1353239248072955 0.2713129083948858
28.485262147727965 0.3908761556373586 0.3670125969276307 0.7417467939844394 0.3159287147133276 1.713720072483288 0.015969680647477925 1.3915056640820547 0.20975941673757587 0.00873520759264852 0.0582421256564905 1.2464221886556528 0.022721018863475263 0.7931657450494211 0.3625313939351248 0.15453685586791718 0.25343400232811425 1.550028197154965 0.04600777900279405 1.5994358204174886 0.037004796939522765 0.27712099082278024 0.23931277296566772 0.6650516870124681 0.08576880287914884 0.11954006917760958 0.026424071051793476 2.1472913791443338 0.16469635317586115 1.1430076626544101 0.0907248269273663 0.47826020534052366 0.3627363392915899 0.5800200229964452 0.05576704024478923 2.0174094589774096 0.13271910351472038 0.9329017226326797 0.2423789126054317 0.12958956987259762 0.06841551279804406 0.6291875825535624 0.20858886839350987 0.3530728179276226 0.39603032525269916 0.031037738604276326 0.39598298576429025 0.63777192288558 0.38644722317898045 1.4252226716624896 0.017753408614349153 0.6761401453683256 0.04393544004225789 0.44462109975130004 0.017468695729782668 1.9362633159311864 0.1521192118451174 1.0837557518744818 0.2488170950924071 1.4252575394855698 0.38329503695131173 0.5651933109661504 0.3916733821078053 1.4266701005169367 0.020497343755472165 1.6012751072640852 0.33762646982166594 1.7976555574342545 0.028243532879324906 0.500664561374441 0.33552057965261944 1.8352998224635524 0.026720647835718883 1.2510162100721351 0.3737744286608695 0.5269529526102059 0.20213608965771046 0.7032841463488346 0.0412224597708228 1.7247276310648307 0.103218791428574 2.0990539924236797 0.3665530836510497 0.39008575073406615 0.036582347503382455 0.2843957383792318 0.2827379283641027 0.20452308821344425 0.2118395491258006 1.646751899158482
30.594733612668342 1.0526181476863892 0.10327385446466941 0.6071578391691517 0.0035682368489540206 0.2226251483901994 0.22511312739885875 0.02495131945423852 0.350034784729766 1.9563635210715768 0.14305248072328133 0.5655719277305943 0.3535602203501458 0.3886897061216241 0.19594268949733876 2.164824856313239 0.1701909366260016 0.0066341990370359935 0.14013568232185866 0.769150108262033 0.1910016014795103 0.9001561299257541 0.345235887893375 1.6562281357169915 0.2466767140896555 1.9312949688121266 0.30691931379109183 1.259995869739793 0.11925924412939329 0.2906589158323547 0.3417039645472253 1.727520501490746 0.28152686689380163 1.5296651331761504 0.18820367863278586 2.1722720892913845 0.39655022324945854 0.9659732637840651 0.13032127460909768 0.350403448764107 0.1692065565848068 1.266404999403222 0.19734818120047637 1.7805177667562064 0.054965270495724285 1.9938764625789032 0.31086577017871364 1.4979795182635571
31.87002698269754 1.2169997005120858 0.2905938846211457 1.4895895802213903 0.35799194920654864 1.275019409892913 0.2968256548824433 1.244907761262363 0.38207690894091634 2.156478523906219 0.29277040177759256 1.203623929096837 0.20051767260680028 1.6645283484311266 0.39876663782902655 1.6983352196946355 0.2506880038885038 1.2463944012874024 0.06679958630787151 0.1170968531053088 0.13105162551893149 1.6038870412026918 0.27586460013842423 1.239534326606544 0.3718060663219991 2.1373916738715217 0.29705110201663215 1.040063889381066 0.14227715119375253 0.5808173589941608 0.11698763413456459 0.9604562836247056 0.23204334904015986 0.593829873750955 0.029073238411058445 0.48077912902958336 0.03075918599139209 0.6567850063971531 0.32094023490170326 2.1629918318359334 0.33244573522724846 1.1316082160443752 0.21817130888064087 1.712190991016324 0.06432142954196088 1.8314749545295583 0.1148299201901538 0.12118391219672699 0.1497418998742028 1.3934767845969565 0.1795218665803803 1.5170762904915833 0.17085968113018604 1.3628302916172605 0.14613995283560266 0.8308657534496817 0.0023736531748771218 0.774355883319566 0.3291125281705984 1.0650556256964931 0.20893659261526684 2.0005958532720136 0.26083832221393194 1.036544970871579 0.24589821256027591 0.019833165468275005 0.36749490774703064 2.017629767853151
32.40518231913102 0.2790500254025891 0.166932735132016 2.036276451479352 0.3343049490156287 1.8235533233507437 0.364154644264963 0.2686746722470918 0.03505115766307885 0.7797536855229109 0.15311574563527494 0.4180719740313585 0.18653867506118546 2.130988205254771 0.029633812015112594 1.4767440683311963 0.31977559031920455 1.3952067999792115 0.206408893660098 0.34447520055703984 0.19933925249552492 0.47157224051955476 0.04086865492712848 1.802736571186355 0.37074611957806725 1.8914538247390993 0.14469468686622897 0.021436244562635622 0.3214674999776586 0.36668938728228306 0.3854108395223555 0.10936132195439709 0.26160116913578274 1.505314169766241 0.17397303505911085 0.8344058093529183 0.37616302327682627 0.5801177266195147 0.115636318132744 1.268968860241207 0.11562532744904518 0.6324020197118726 0.1131983496434085 1.1495145131819178 0.06722283317035309 1.4266013477210313 0.2889810643986537 0.20349438807077821 0.10031375963827048 1.7255636347402488 0.12252483729456687 0.36523642415524854 0.04453239040463739 1.4665226287932303 0.03615823481381102 1.9083016207299748 0.0747152833643273 1.2467913215088011 0.062403060856636744 0.0024374574937032103 0.10053386706304718 1.9414596506945572 0.3349589886131205 0.6591618535907966
34.83638377915559 0.45229003637852444 0.240394458786789 1.2773576000879585 0.05959353922770845 1.2574892032610296 0.09590268661156168 0.6082747763294881 0.19617954176737445 0.4634162236245654 0.29494121771087345 2.0058670595274717 0.016030726353113377 0.37107302272746184 0.057894951909737195 0.12181148503310163 0.11326812020493296 1.9707013227656083 0.05824596432341052 0.7760232244414136 0.31682324186877514 0.11754525350523773 0.15140779349180877 1.108560660132487 0.3371910174528478 0.9066380779277695 0.16774304874279214 0.9904687262329982 0.042856323893425155 1.0257180767292107 0.20213840889229778 1.8859994220048308 0.18837439665490205 0.57291305618326 0.2864070035225373 1.223530151631108 0.3151432476628474 1.7072823048181478 0.15312830753827417 0.8557463923244506 0.021822236766157535 2.0212899616565085 0.23651949897193494 1.0972797615469165 0.26439188955598747 0.4432426310365767 0.08211004008725445 0.7235846188348192 0.0425916547097148 0.47826443576908384 0.21454024529647076 2.1222404404172925 0.34966669270418294 1.6343057539987698 0.2858962134654119 0.4460826055084314 0.2226834354216643 1.3458227670144138 0.09265958289940351 1.251537686096605 0.1568935817637357 0.6956220405765213 0.09500614945406168 0.5653494043773403 0.11011997097102429 0.3965824754745991 0.108413037980722 0.3466330744105694
36.724621993859664 2.163175103804546 0.370767241552278 1.1766304910896965 0.2809314416881973 1.5753696581777743 0.18078271139384988 1.5118450918257775 0.32545197488993427 0.2190755818060876 0.12108048043798668 1.002445314711468 0.37657142579200925 1.6165308480482652 0.07633886964640407 1.1096785996748555 0.11660209756966405 1.2619585587673976 0.043512191320296933 1.1968475356554595 0.026651738920679735 1.8768673049209568 0.055599747863626495 1.3670081462921015 0.06252726579797248 0.2862069966529668 0.10369838422980703 1.3328711052560778 0.3639843707955446 0.6969467958037633 0.2970757553395834 0.11136740842771482 0.34766334828189643 0.020061261157383426 0.14098544940186084 1.2311097307982626 0.32739447690809337 1.3197811723475268 0.38834364458538084 0.6755104620953678 0.2295175822356899 1.4992335923900029 0.14556913475610264 0.4960285169875532 0.23528809450462496 2.0251919297639644 0.39768821125194054 0.6283790939541404 0.04154276140754507 0.016089203376840413 0.2704113136458761 1.6532115338685616 0.35920449719307845 1.6381214979375793 0.36491556806922204 0.15441602286220046 0.039910711972560846 1.7560710037119935 0.040247323572833164 1.9186247998712005 0.24444156336443373 1.2967876633827378 0.038627365518772064 0.9961088913981365 0.25595952815861295 1.882710230309156 0.13227208958978345 0.955936379047868 0.3068062651434452 0.13721918051770493 0.17136246888645257 0.9627676002109072 0.15351803166054437 2.029514834345322 0.24041037142174596 1.683197194864889 0.15451385328479603 0.515500239686052 0.3650963355231647 1.1500654892145277 0.34749831582811996 1.633867367917165 0.29830034501130614 2.1981972185994225 0.017834080328125657 1.0403056995733548 0.10186740547424088 1.376599245291646
36.95509492745296 0.8220984422581759 0.35714941649126897 0.3492883472068079 0.18850543482515814 1.8647441045931767 0.10230773842037691 0.9704684172682562 0.39251269125741994 0.7265981114758643 0.026970382263687975 0.28444598386266595 0.3327745472048658 1.0149619030887407 0.21441668820495985 1.5720768171621238 0.0984336320456249 1.768592223812918 0.07456064726064167 0.8768798907087829 0.2990690045360671 0.7930111067478701 0.1594386198433973 1.1633464982763453 0.22983423640498324 1.4847587524849926 0.23959921352083657 0.674364589884753 0.21626507619707078 0.12896938934041735 0.04265769225758986 0.13783876196418532 0.25301201466211504 0.9102873392359169 0.1186623603774069 0.3032978970198662 0.3126179812320495 1.5580638564660034 0.15665427746347116 1.17999119406231 0.15729620890224136 0.832852690527112 0.08009701181202007 0.9861341126968015 0.19659901345209035 1.2158656987616232 0.384970479259751 0.7020160659133714 0.3764753967990465 1.8546258300773815 0.05185126681958128 1.3442220366743172 0.032173522130372105 2.1333074393159235 0.30187822860515806 0.1866017888320314 0.06367109825966222 0.3544009736728528 0.3941225104694949 1.0772789255857804 0.2020504851732241 1.4469898840560627 0.36410081104596104 1.0053464559031942 0.012731748133637666 0.7393899990492335 0.10852602319601448 1.9636059720491936 0.2850289599756605 1.2875874775913234 0.15446219302750053 0.44016562084608485 0.19103911853242306 1.5755996471076612 0.28256872508153136 0.11056548331048922 0.25143194904662086 0.44644479015983557 0.2122983163818658 0.04518977762711243 0.18133471504279122 1.5500522672058399 0.37595959341328666 0.3225938142909486 0.1306354761427178 1.0129211944543781 0.1110107699359193 0.001910402590436533 0.10062334790239631 1.8858011527348835 0.18848604734090194 0.34039154889766443
38.767933255917484 1.9021437171920654 0.18945828999166975 0.42763899250118237 0.1477172005326835 0.8583273087655996 0.38078769338433616 0.7818198832392552 0.09137482076344283 2.054304508879812 0.050044739647846864 2.1920743182641855 0.3451681125636873 1.8055106086793669 0.39619931682000614 1.8681244874794178 0.22094138408063246 0.4649959940399577 0.08471744322900202 0.823781280273425 0.17295468686737006 1.4985603228201296 0.05691182345332573 0.9576860162188705 0.1110925138321028 2.057332263298627 0.024321309815759043 2.0199340513088266 0.35960565318477644 0.8656398219274428 0.20549821001788465 2.117993182958619 0.15458675518059148 1.8428219542837578 0.08959781422161064 1.6092439473919975 0.09222279596591565 0.04002850846066193 0.27228490032396174 1.1746647673328836 0.2689383510819176 1.2316545508644554 0.16922893732695587 0.9493292941177087 0.04453051240408921 2.120394096539643 0.37103144795935306 2.0121644838331054 0.22333261027634066 0.808097976380206 0.0779981992998057 0.07104652520564532 0.3400409401429088 0.821274656656664 0.2145875585546488 2.0645633074402006 0.14806520065505616 1.5600010845025523 0.3878157459141473 1.519466038652358 0.3588936614940942 0.19410821495594904 0.17913545119678098 0.3027815584869843 0.23766326731954412 1.2723998952915463 0.20569258832810405 0.4427498447301924 0.05520635704315838 1.4422055250273675 0.3437775827686284 2.1874080051762967 0.027170400585505572 1.6244341156624749 0.06243020119016549 0.7740681888244297 0.297017524071271 0.4220816360588428 0.31615793052790414 0.6612991121113942 0.07934210148094745 0.13537392092439765 0.2619429816872218 1.506251425735334
41.00511269866914 0.5631371931464461 0.10512834009844654 1.4562055992668885 0.3353001061268952 0.42927064404201704 0.03155928117979428 1.4862675199470277 0.35425057441399904 1.6655132238669654 0.057810485341406315 1.3256926864210548 0.1383723646704043 0.7027050870727708 0.36611931615685017 2.0608223726026442 0.3943431951041722 0.36559173948543816 0.21284863299231085 0.13562956425063494 0.3261166934049505 1.194870455382909 0.09748989919397535 0.6474119214684633 0.33664140206652576 1.214242564672873 0.3241549079216946 1.4139561669164213 0.358228681747378 0.49735199475964775 0.052741621766868634 1.958014871820251 0.14902395056706133 1.203518134805194 0.3804068081745706 0.09315093326306607 0.25637771556723815 0.16907395059431318 0.1670358809497332 0.3425170443239701 0.11834193885007648 0.2474608840720793 0.11621295637230666 0.19789857562937654 0.22682522859401547 0.8065647988176463 0.09355248658851192 0.7815622650306578 0.22270408110778483 2.121866640409826 0.0660751901555642 2.0095995110563236 0.14929351358201723 0.35681461627011873 0.09506149358876753 1.4788895335779308 0.22254430825668386 1.3750142731684578 0.3977933371482786 0.4925858809123135 0.1105790468277259 0.8287001566824407 0.11667060592101541 0.42956570227181684 0.33240297990451967 0.893497948346032 0.3426245987919069 2.132524790852865 0.29622568032153224 0.9755203753547405 0.38849919433384117 1.420876417915381 0.30764780068771547 0.05960869145370656 0.22856556632328007 1.7542564280375426 0.257217028837179 0.5237853396100812
42.07464246840923 0.9053498100713578 0.16300191182570356 0.7552827121342879 0.175943256051532 1.5403986266559184 0.2797232103597324 0.44055894536524737 0.1546346385062236 1.6606708313344198 0.033291018295030915 2.1002828810536123 0.17732658905451273 1.230747995912137 0.2365005960682423 0.6586971199595967 0.2534310487009285 1.2352636287433554 0.3182436311590458 0.16177851231264695 0.259592975279738 1.923298295035574 0.38665656462918885 0.43584627033333406 0.1370607107056328 0.2873484861404226 0.3464626795922408 0.34322387421689865 0.27143987823226223 1.1940383420650662 0.198215431634786 0.9983912844315346 0.19333477138242514 0.814326516529968 0.044584408801092094 1.2004230773853377 0.34628254451384277 0.9817273159203271 0.06187666845820177 1.7694251708262425 0.0962355449212832 1.9904665057661577 0.32598647784607837 1.5915261422217755 0.331650251617525 2.01338201330285 0.12797957608467758 1.3236495015516163 0.07066830465980481 1.1420939066300981 0.34734169182548436 1.3044983935750345 0.024403771891813975 1.6270642251996115 0.04404577365117457 1.5902601389271573 0.14817147023715513 2.0745133293848945 0.2063569148852863 1.9872883989166257 0.2528732435794849 1.144125811812258 0.2236494493652358 1.2444047213808689 0.3493067849476265 1.0410326981742974 0.39164884112133086 0.4909539212738651 0.13603312172482634 0.7186086414489118 0.38900450612748805 0.7705528412626964 0.25865805905697864 1.2658451344130561 0.10720068112329334 1.4646053682486992 0.2319157432865794 1.7052633265921948 0.1939812115942714 0.046792762218378366 0.09625599145133652 2.106472078799209 0.3589832005397897 0.49873392534888383 0.33050449951182825 0.8253086563113775 0.344341047624257 2.0472166861797314 0.3615705404457809 1.2130444698493448 0.226074230503024 0.9728984060744387 0.17355808187482458 1.0334849616340895 0.07632581635054235 1.2600895459825838 0.14263615705471216 0.4020266501139499 0.28747016835328276 0.36762592614093176
42.79682731351881 0.9053496849702555 0.13652656447323994 0.16371191878414793 0.11092402427030833 0.2029731834510169 0.13124078046398427 1.1492747167576016 0.26628992327985185 1.2120430966770128 0.2964039991627292 0.6636108269253252 0.13404895039997963 0.09556327126361107 0.09947917433891292 0.0842486302688804 0.352959255544186 1.0918089316020494 0.3836887596302881 1.760445109555087 0.21208906230576213 0.8055197453731158 0.3441740440598168 1.4354563631997053 0.13451477354246996 1.9216972022959262 0.07502441350022485 0.2983896548656369 0.3689698807513521 1.3963126833922408 0.23863327977652027 0.4776022558377062 0.052952231493958606 0.13854841761950865 0.042148186760670475 1.990379179350261 0.18893020168115227 1.3850499783286436 0.22372414708612195 1.2856794636501256 0.14536512359522621 0.7454854250549628 0.2782722682848205 2.024331771817025 0.2721529302436538 1.6146356745611505 0.1681648855131871 1.055407812205989 0.07932068460801545 1.9783705609932314 0.045760234168857265 0.18884487717425816 0.11209292863293126 0.8244903528877326 0.17602313605916256 0.783191213769002 0.020050500950200334 0.21644851020205788 0.22173255422464583 0.7535689183203412 0.16611187561312787 1.5882348473211296 0.19860264863931257 1.776434502567338 0.19200188827556042 0.3928643947198254 0.2979146503236447 0.7177828618339381 0.35709175433799584 1.621378001648554 0.1858325887672978 0.3076028731618152 0.039638767628270566 1.4409816487197442 0.12037781795564101 0.6789679161467826 0.38397845025760663 1.4002078247335912 0.04200437546121827 0.2840206972448655 0.2362066064517873 1.432547288195972 0.23199062483163055 1.3000773218843558 0.23561096846569246 0.6469999842947465 0.14885549058763345 0.19773894060669908 0.2094548104946895 0.9966115400096035 0.18267777023822523 1.0612320333279244
43.323445476919204 1.1755202269098364 0.18893935340475432 0.8801796660155036 0.3194286718599471 1.1962867067556477 0.3535088362956345 1.3978237088543115 0.0406187386224604 0.7930383622912882 0.05627099445455422 1.2202464936761919 0.18121872590588237 0.18722024086664005 0.2960474322788713 0.1622786943040989 0.33517516812193615 1.247650032139355 0.1001769682754318 0.9590087375486224 0.15933254585887835 0.5177327726827037 0.06370982687094258 2.0653244308328453 0.07961630876382145 2.1969248446969094 0.2551259250465431 0.3994665011997791 0.33767871481262124 1.814962033042706 0.0009746823381716397 1.0850423353876566 0.12889178812453556 0.6501838032709967 0.30083479575987515 0.7070185736215693 0.07041822285875497 1.686529811699904 0.2868555079101173 1.1545248236189822 0.18459825690212428 0.11080363047392744 0.2390289748647454 1.9140790562955021 0.35202269452642865 0.49328795536747705 0.05329357324220396 1.0029416464477987 0.2566646657443347 1.6785847424399907 0.10165561264801096 0.33516795370889707 0.0951341962181823 0.5340251006804054 0.39220121008436165 0.35395550674017495 0.08783407328935221 1.9251561008626814 0.05758794107341934 2.026461270048179 0.2061697670506764 0.17730366853151042 0.318033289600237 1.6966362234015153 0.22481999280933765 0.32006811001552515 0.10836439323238288 0.2520799598145846
44.78840873297652 2.1250580079809187 0.2807314291546949 2.0288770266578946 0.12473413762521424 1.0000975081390826 0.2053257921184257 0.5568561721284282 0.19594776153627447 0.63107036695844 0.0757728622403235 0.400578955218744 0.18612278090567347 1.7314446445794893 0.22978949962341622 1.1516584803460526 0.3733531397482533 1.574865544917771 0.16572432592751818 0.7834077652231586 0.20514237473052455 1.997231258280768 0.2934468014679293 2.1724424203402872 0.3857400062418318 2.1517966369738972 0.29125755758362354 0.39536551457731145 0.14781156031789874 1.4866765161102982 0.028192572577460107 0.6986239778165317 0.029247454317923218 1.478308705091782 0.28597869938120624 2.158232249238557 0.0542542636428764 2.197330068885605 0.36584638569184746 1.0778347266443653 0.0036901004430506482 0.9059835008214862 0.37242540896234855 0.06862276059524777 0.30422250781527493 0.22722290845224657 0.19698034492397307 0.9047645081965926 0.14054039246878744 0.9998751755300459 0.297695151510953 0.18468124498034483 0.13479775526817805 1.1945041778070358 0.28200136445017726 1.7911960651077274 0.08424655965428324 0.9338773509708874 0.09853885494871291 0.3663239993087184 0.30811337184385157 1.6879268531472111 0.06020224160507675 0.1454934092796425 0.3628061175172494 1.7568283711905461 0.34056263693278765 1.9308110980803757 0.20230565668436526 1.077476216031868 0.3175761936135954 1.9565169041017776 0.30377721330001123 1.6703923170009334 0.3184093422288423 0.6390661783032993 0.22381202475315912 2.1047097136991457 0.2844784872051669 0.5617273564350608 0.16006699640856367 0.6624006621865647 0.3334234149145124 0.2184207815333897 0.030071058942177542 0.7676066996231848 0.33850100391071875 0.77739120444312 0.3513969365872348 1.7065209069697849 0.24543914917468124 1.8247196641617798
46.477857214914806 0.5042053733603626 0.14430712987311553 0.6797356390759197 0.2210793892526437 0.9060307093629221 0.34933297909053573 1.8240863962061622 0.237259414297372 0.3900385112617243 0.01637985202114698 0.31000742515152796 0.1004794185117946 0.9931380312804439 0.3718580035618868 0.33407207923094717 0.30388275102182977 1.435689347557903 0.27546805537125135 2.0961023365590505 0.01735101302635571 1.502055339961006 0.15851772280091164 1.4639819432856709 0.3982376444317399 1.6492116416517137 0.2138757999658949 2.024922006317436 0.12240325390598641 1.453316415018988 0.05879478335211666 0.5058924546186552 0.04028313069785053 0.6359667770501294 0.019607538236248348 1.2211231508147966 0.1712697291365986 2.191453151432986 0.06381577165566159 0.917441531493402 0.09238785580125636 0.23703081265983553 0.39154043877604194 1.8230494007577012 0.09646878848354495 1.8624167533419242 0.2478150577948083 1.567827586131833
47.705293292428536 0.13129819096245604 0.02820621150855858 0.7825110093662191 0.10664169507686992 0.765362435459556 0.014693547437190403 1.5141089003486747 0.23699511682009328 0.18371064362662629 0.2767694315960692 1.4997134859045889 0.31176371514364126 2.145737804006271 0.24614468539639822 1.475898268246433 0.003578572859042062 2.064163755150992 0.3972404393291332 0.3132121171040061 0.16181659946760207 0.5526736272906763 0.2602298698916038 2.172375458749691 0.13950640090164998 0.3478465697987993 0.2342289938255632 2.080845038348773 0.07725870582709585 0.12310012665258609 0.3190024813230114 0.7429220737136765 0.11039474212992571 1.8236119351247153 0.19751228730831444 0.6526429179106152 0.1319317494952524 0.0059921880350463095 0.10763747499805049 1.8907808794827206 0.007349850690880944 1.0293227316603037 0.1423872263233716 0.36868666042489545 0.3699351869445567 1.4267999354853795 0.3902759686907734 0.26484664956911697 0.26998769980364606 2.0025222697273626 0.22682147592909502 1.1329071914348685 0.1953735303938633 0.6160171725040335 0.25519758040735885 0.7697040596625421 0.1345097278798688 0.09120103063533452 0.32003136442112573 1.623596414501146 0.19413728113115167 1.5731094918941868 0.03458192712949253 1.1638399478374224 0.36090616775024786 0.09666146859526831
53.2044165913377 2.0022820602150158 0.03796699035192086 1.6331882281909507 0.04208461141576088 1.3414835334898865 0.18102246132954158 1.9457538633721518 0.10618660680927482 1.9235458565784078 0.3112137281431751 0.47972928994478864 0.11502363842744745 2.1556893073593772 0.2027892929415841 2.0486456462994314 0.17749742144776062 1.2166689590892308 0.20041038400908096 0.5960426408458678 0.2719095946534587 1.1601256801406155 0.355577655244577 1.3446574515200331 0.3230366854879192 0.7663059203292513 0.33958535530998113 2.096631612978212 0.38157248082077544 1.4716194628316042 0.29480032437950265 1.4570939413979638 0.016960094042031672 2.1243036284589243 0.1268592330084354 0.5400064513232592 0.06834270492488832 1.1374406704318016 0.3306328712315669 0.6349958783359565 0.2604015867498611 2.0674268182386264 0.36643990348117517 1.1740207141706196 0.154229112791265 1.644014399984208 0.1710254113364582 0.7450572059157846 0.022272096055487814 0.0868209821818369 0.031199647714630265 1.268551810840004 0.33870768016207037 1.0259723667920513 0.03593505577236651 1.205677234554541 0.014992166329898771 1.7490001645106914 0.16507083903768446 1.4580441019540047 0.27943838019664663 0.1560194533880829 0.1327064117550427 0.6288568075381605 0.0944343330351344 0.08911626717065219 0.16369590732034497 1.300949721203077 0.09816529163990309 1.5368677212507682 0.12405267543036298 2.021213554910678 0.3207207304900441 1.9585523864231995 0.3026570341745078 1.4219030433818367 0.044151129515380694 2.1653609339281767 0.08273418817599838 0.16569226308722027 0.3942802415076595 2.13765306368436 0.3121008633962811 1.8222171962652811 0.21575035006823715 1.4910065899302714 0.02492695014468769 0.7500247726224314 0.2137033115004202 0.034246849683905234 0.29668845264089083 1.765006738069496
54.18362730415557 0.6874864217201838 0.38756485624109904 0.5777025759347972 0.3189149863286478 1.0845048362634846 0.011836643502131185 1.6847568051023187 0.08447405811789808 1.5614315259562577 0.1671030777348985 0.10902379982733736 0.35419133304879946 1.6731232501254225 0.3246859457758089 2.0527469821155595 0.15200696641499906 1.7470587691918251 0.3379136018573515 0.5700187258041083 0.06267354599532152 1.6838994894771684 0.03658594567130371 0.8098455987181206 0.13444037564529476 1.6880221908736686 0.3512089117154358 0.7376009300670932 0.34746216203838154 0.49481847499967224 0.04357386053536048 1.802224167665287 0.004979056162957952 0.945854992796212 0.22571584125838498 1.0748020826027276 0.16566989162694498 1.1094898945857687 0.03872111272108665 1.3721007138493446 0.19888624707146865 1.1423659720635249 0.2881432069927816 0.507891647990152 0.0774149541404599 1.9130680228932064 0.327768972553127 1.9570433192743295 0.08013181788071516 0.2239146517942964 0.2842587455362415 0.5324854273731373 0.25177848794371765 1.498322634782123 0.36526494263045217 1.1916966424390334 0.20219484487696873 0.45467744874767896 0.30912683046277833 1.72697890750959 0.14036531290814566 0.20930995852145742 0.2653443917318844 0.5083886334104577 0.18193820584133494 0.971763429260504 0.24198117705580238 2.1162622962211786 0.26835458655291144 1.408135228043542 0.06207293901258888 0.08272429651337297 0.16810621611423315 0.5913956222795944 0.015420154408459386 0.8985201199759887
54.476113495566494 1.7734962559108 0.2665279030968741 0.13007319827056002 0.3420446854787882 1.418376171240266 0.37078155142354885 0.1295217212855885 0.23564026020672724 0.8579340256988734 0.3063498733670369 1.9834463892797718 0.3267848292456727 1.1994282875706541 0.07912412042181699 0.9573300160888888 0.16108115960504732 0.13973627997664673 0.03677355139751115 1.850351082281876 0.3263631113901965 0.8797997398046131 0.10547884240436352 0.7999049955934999 0.32125558817597905 1.0044229289157232 0.1570454521934901 0.39322620382186996 0.18545215569025247 0.46933461890735784 0.12265913739688133 0.8755557507446651 0.07595594089621326 1.8704124056733795 0.05038675971724205 0.1627454356871856 0.04536974466389472 0.4621447445031979 0.19035657135481215 1.3389599348553987 0.19030494182915178 0.8093272193143881 0.0122029281957456 0.919682158919013 0.3183765833423738 1.8496845395005204 0.2887629726897738 0.18115195881019985 0.003646148512313907 1.7760765848998004 0.3267243492541427 2.1360532121481324 0.24784253543079127 0.36991258948921124 0.362395576080592 1.2853664719753517 0.21640547895678344 0.43123218606430047 0.35947702235506673 1.1835312916933718 0.13426316649365444 0.0020040708508702655 0.12469710466125963 1.6471502788074268 0.2779349910296099 1.6457721790831246 0.23467097767068945 0.666285300973297 0.3765496851196791 1.2992908265843512 0.10537522096653912 1.4195141128953577 0.30578636508556606 0.2919019251481111 0.30936200228973815 2.110446592386831 0.1072433654368799 0.8903100307354784 0.03437007932458674 1.3040021635814114 0.05736895442355627 0.584150118686397 0.1362161050734041 1.3166021696395882 0.32731473159483127 0.2676320203658658 0.12080304414740227 0.9270318206889026 0.286814730329602 2.0525249881246883 0.1232912058267238 1.9375968345280417 0.10671401521272653 0.4235080022657666 0.38161721755828254 0.37228553603149445 0.1288246044417649 0.08340847661751666 0.18623041557644973 0.031176536236998613 0.3254022351752743 1.7269081078124904
54.69275767144226 1.8370603489096222 0.1719331585027778 0.6456210558961609 0.344804460242349 1.751622985544606 0.1434157545567734 1.8644761893478528 0.3610292957457111 1.055813730329449 0.07109573051883485 2.1540398047639657 0.2669664194722587 0.05907871614678287 0.3897379877398243 0.018059319310024316 0.3801052848410259 1.700976993047821 0.01128980421929442 1.3457200096229762 0.25439452095898935 0.6202699739772777 0.3287969447669548 1.2267627097884983 0.0995077972622299 2.1479499114522316 0.02482476024964635 1.4289548573465063 0.32546645627014703 0.6714551293340648 0.3438442602784436 0.5401545210525069 0.03486078359305709 1.0833079899882294 0.05619853916493618 0.501028868980687 0.015294531231557641 0.7813268946677601 0.15825979994833317 0.7454151529582264 0.16389003680247935 0.6236577367592185 0.28649487927228295 1.9917238513496105 0.37816832204246725 1.178595002181188 0.16902486891549687 0.2407278454542462 0.2967322214850568 1.9448223925153405 0.36732325154870327 1.1599179940609161 0.13192377986254397 0.8697468478335921 0.28560746866407943 1.9699621350372571 0.299757892839549 0.7233505247329302 0.18520929730335922 1.5441766907124306 0.340152631069119 0.3102444364255201 0.34861895278170196 0.7237787964392414 0.2501829285234597 1.9653753339942424 0.05923050980659222 1.5159321530099248 0.2925354375846209 1.983755686325378 0.35769892717005936 0.5106434429999135 0.2228733599675377 0.3140687745910485 0.3504430118105506 1.5409792427398923 0.11759897642348892 2.0939993216556214
55.22569330493521 0.04211571571922621 0.0053105675969711726 0.05912415153482238 0.29137672922776153 0.3641000063995903 0.31409103855024617 0.7342965774777438 0.24647830953536995 1.862507900422577 0.28987930652695443 1.153738437552612 0.029633434951825688 1.4213374003742512 0.0944119271691343 1.4515174797182087 0.26217463043785266 0.33368895196059906 0.23424612118024615 1.9437724539691255 0.0565708575962403 0.678716270738709 0.13172017576843378 1.2145914795356474 0.08756058551264863 0.15120585876614256 0.029437629736009052 0.4657529326319801 0.12947135880761182 0.4231675038559458 0.1671840079815768 0.33512199484999977 0.13392454394892447 0.08186288225735715 0.3028092886247704 2.157980200792571 0.19720394676321207 1.712042311657249 0.11775917853330578 1.9565033990057885 0.014671059489178663 2.151708242307172 0.10833020560856599 1.9400714587293144 0.35383271633724156 0.8131420672461684 0.12445695029603897 0.3759196092640285 0.1591021731522178 1.391509711010079 0.2844351246495002 0.8242369768717154 0.3894443096821629 0.9040806859934363 0.009539153888557106 0.3874761643205466 0.07609212953454368 0.5487535541220452 0.2374926039177765 0.6229378510856092 0.29332832686109267 0.2342982222245137 0.004733532290475795 0.7957171539405425 0.27420502873472974 0.6137585798139736 0.0690920690364452 0.4442375212875121 0.1112884400141835 1.4990465290989845 0.21240497727086796 1.8003462036929263 0.07361389093734814 0.4897507216851264 0.22345524972163466 0.3523322155492068 0.18189440169272506 1.825579025583076 0.28368299238149314 1.6602066867193617 0.19044140685025904 0.1442474788463594 0.05152181743963524 1.117735391159201 0.2718381495039503 2.1455757594109484 0.197255395630391 0.42694172830285354 0.3808682160761191 1.264707407088415 0.08559646840289017 1.477474969892594 0.22676538730719759 0.51410351531237 0.35504681066549804 1.7593669467460078 0.19676162048735565 1.950737589686775 0.22316673794986938 1.2926656786033304 0.04128625258899508 1.8911872181506024 0.20881407633880444 0.6314691150644169 0.1138701455072849 2.1044749497529365 0.3877125073905944 1.8118699567739376 0.026977304218943135 0.2997893911130841 0.26612349958833587 1.316167487078841 0.2768757186744006 0.6104277977960819
57.033186893032564 1.6265150562129773 0.2795365883020637 2.156915620072339 0.26677027878655446 0.1491096920449071 0.1098466540483159 0.49452388960355453 0.384548902769214 1.2934555204767129 0.16002200288232854 1.5996101391131754 0.11892732348677693 1.6699427529093085 0.261776825984443 0.3292763537300406 0.025013627200645462 0.3125341176547418 0.05269605910463864 1.616178955733155 0.13070776811926282 0.022357514132098192 0.20394157586249478 0.5336649443519118 0.08341542076698608 0.6293164759256304 0.1364242993601786 1.7845654275775122 0.2865508147292061 0.8393082070148956 0.05376011341177747 1.0955950901641816 0.10829195255666027 0.8255679189557426 0.343491844986147 1.0972398489221695 0.2351921940928838 1.9058208660056282 0.28496054635940554 0.8755666101205026 0.1955523545085062 0.8200113111873564 0.025996135886060492 1.8269541931135433 0.10393425167351361 0.6479139155614854 0.11358524012731737 0.5426777961730243 0.20742140620026667 1.13817633701564 0.3729064278620837 0.5982049332557317 0.08806088234691237 1.3730532865800635 0.013798260922198359 1.189400741300982 0.2866989591209055 0.11953623754225028 0.3556242768975994 0.7236948325154252 0.32264213313673257 2.186483928349327 0.39351947265670423 1.4564276401179155 0.13872389693028558 0.050744799737368035 0.2937138389952573 0.3324666245276926 0.09628122193934763 1.7488968379404357 0.3298089074663395 1.9073971530732077 0.14197433069399104 0.5502597828001373 0.07737421551562261 2.008775779425345 0.10901723203957366 1.634268501794912 0.34551277848892825 0.3455951650833153 0.28415711780271724 1.1888473547032645 0.13930359055050437 0.7733764548006927 0.08589301362310109 1.1802770442871275 0.33837416686516564 1.7993445090479399 0.2381238721000962 1.5841807088513615 0.3788006774627888 0.9729152465339601 0.3504305963604927 1.9725920725178188 0.12757441484249718 1.3215403552379277 0.2846183414524203 0.5977869011512585 0.03948184500179202 0.44335358535080277 0.07047056247330273 1.2976142508588093 0.11210579553051346 0.47189872169897235 0.11168882646714495 0.6050219825050402 0.2801536166020701 1.0682936932644862
57.57354312087869 0.9566615724448019 0.18563636066717018 1.2131528814502797 0.15475506120590976 0.34039857382033567 0.31490071985867196 1.8414908681603377 0.3948701978126503 0.12184661360140489 0.00498988484108125 0.2060150698257415 0.09909080436139694 2.0147646379894084 0.07743269770039181 0.21703387963906365 0.2347642703018501 1.5280882405148328 0.23449393961046106 1.4143511274594498 0.04619200885521142 0.7162322831800583 0.026208789248555454 0.8855945738528554 0.02927956252040862 1.2314119597142694 0.2612750627354659 0.013461280356633477 0.32839320093900765 0.8655258807577597 0.10313003745972288 0.9827118439794186 0.07449738338722321 0.16631301612190552 0.15400383657519484 0.6864575993858515 0.38710777368437344 0.0936777233808406 0.09258344604064886 0.590805861397181 0.08902746187291442 0.5957319013317046 0.1679409000387807 1.6815254207097412 0.3304589106509584 1.2619559933703444 0.155878522997148 0.9645841378870826 0.017435116567170405 1.9916872595580568 0.33501097010438546 1.3240982334725488 0.025947248417313197 1.3978802752148576 0.32873799219612126 1.804395296472024 0.2111391009669049 1.1454423132623464 0.31075413317124 0.9146104140424817 0.09341742632494557 1.2665434678172416 0.16554140854701882 1.8957418031204376 0.3414888249052719 1.2867727556030146 0.050633134120585455 1.19533121126739 0.08047316042047298 1.3790826155263538 0.10025844142667287 1.5244469679177894 0.10224870521234677 1.7304739630440549 0.35126517944765445 1.4550576374158488 0.2428765898186069 1.2769377735850684 0.3054835269815841 0.745593469031181 0.2805448236530519 2.106989063115183 0.32643058323068985 0.26671283097899745 0.02249922512660434 2.1340346048529337 0.01502188192122178 0.417910162722927 0.1902073350229587 0.9194255068761484 0.1989387637202821 0.8958629901663088 0.27741252431317065 0.3390748513235888 0.30712082411642533 1.1441956514110587 0.1514170296634041 1.414593173234175 0.05845041629844783 1.5445124596467148 0.16235853694795432 0.27712187551659956
59.67067115398917 1.0318847270948495 0.11160386842962394 0.06358122503088189 0.15345583472959756 0.45900182289528263 0.3100341779555343 2.0335055920140954 0.2046123024568685 1.3072533716902575 0.24379924873428369 0.2737470743221092 0.38605070376021217 0.322881166807034 0.3990641727093953 2.0873517702378797 0.33525815579261686 0.4830678190299873 0.12898010564235127 0.9066426501614516 0.009437657392408916 0.6465912268909958 0.14108448787791708 1.7300177956266882 0.16227645353745446 1.8414248942614317 0.1973026995469799 1.6340244901623768 0.11148305590042669 0.9757136915321754 0.10591013089604769 0.24830809805788578 0.3953364735016535 1.3957822694054922 0.28792915056389107 1.4832335917893271 0.16716832800997677 0.20375045190483976 0.16851217201963525 0.415374298429446 0.17068999171630628 0.2141963625333996 0.10059751804933091 0.7755069160090421 0.13500964487786177 1.1435399915959632 0.04145410216179224 1.364234919135513 0.14006710048506338 1.7816824495667645 0.17493721078556637 1.2542924117881933 0.09012650973670384 2.0430459971376247 0.26669294347917955 0.10673410225910514 0.17305205292815884 0.04963444993051374 0.22819289499938009 1.2652076984042675 0.1931912092565191 0.23997612577742225 0.273034713892665 0.31383837189237773 0.11499019800753266 0.4325055462117004 0.35524511198079867 1.857672221838412 0.3845260525614324 0.011897109442919331 0.13727515214961367 0.4668853011127957 0.3478035998027009 0.8352713357589289 0.37024900424389257 0.3667254496201435 0.049635678159221056 0.06097313009504711 0.29699724414403456 1.5165244966355225 0.22122959097430003 1.2786371849397076 0.09358195567385393 1.1310764226918963 0.3413540344217751 1.0141228425676256 0.22705306328424416 1.52029797301846 0.33337609963252673 2.034655058644575 0.27500306513488504 1.9637822629212922 0.044159211649217725 1.1377513474422989 0.0006839073805101848 0.760647304654213 0.08527940971247544 1.3967671336721956
60.0546058177129 1.8878928207840016 0.14769967032212042 1.9585199716495236 0.3043955795688705 1.10089937064138 0.2503939902083947 1.1684773223129474 0.20804800042888086 0.4233615897958329 0.13001246593363974 0.2512684222777817 0.009435140129345099 0.004786967259469766 0.08465253710337817 0.7299835419746993 0.39554731323341663 0.523085532406654 0.36885099209789496 0.9327314614688683 0.2617630174272491 2.1390442026332304 0.17564183272101125 0.714189120884344 0.36866651589001026 1.8723265844764614 0.34048154099347233 1.4041441635456837 0.09153714323729174 1.9267352180501394 0.04681666258425224 0.5901931568417346 0.3403868488115467 1.393292380683712 0.18995028811752973 1.9898371300203483 0.15561023186408918 1.7005179497603802 0.10145086119809577 1.2927792137137148 0.08216471828738033 1.8744674949646567 0.3757041933042764 0.8727462581294162 0.12937785549522404 1.9145406938208416 0.367687631928588 0.7675330128363055 0.12461149781608688 0.8278753729380341 0.25672058909598977 0.05611763216132686 0.12869404305599455 0.6543293535842833 0.04747498298462119 0.5494616453350818 0.18417024367866153 0.5455700275928489 0.2836198514550992 0.2602439431440615 0.2716380511844298 0.7124813325010811 0.31902345921476744 0.9981063282148829 0.25332876778019436 1.5683570498860364
63.9993642252243 1.8425297165316052 0.27834442154969424 1.824226547299855 0.27074025588362455 0.9093696509252404 0.3067077083553904 0.7384365092346288 0.2444442159292838 1.097579517567614 0.30864269654140286 0.3723739223744395 0.01354597133179225 1.9670075077158173 0.09269076993790965 1.7683357500988859 0.11108341237499159 0.8202518298686383 0.232099216699761 1.4683819685658108 0.003504254337325286 1.9606417512444339 0.020248124630872333 2.152604200058267 0.2362774806137241 1.921725706915253 0.18056702942414976 0.7209804816033468 0.3482837441494594 0.7315919398316735 0.29654869375315485 0.4729681431380452 0.3679090551008131 0.2058824817173033 0.3522762050577022 1.4554923730488525 0.17066509865322407 0.7933013867683655 0.11431310346674076 0.6814705125226683 0.27878704737260146 0.07554525715575822 0.037951871465189635 0.3721087275625948 0.22773839467761692 1.9058388395162749 0.007280917270691134 0.3334365533539273 0.3435928650193263 0.9569798643961936 0.15239189063567793 1.1373884601972242 0.08442348245305481 0.047947166114077594 0.2735924390644238 0.7803157499435525 0.14086324866360794 1.2725144318470978 0.37562907699186665 2.096528463727216 0.005151683090676151 1.0622265323355915 0.14371612848295587 1.0219131634069458 0.1639750065729944 0.06445384375951879 0.05090288167571986 1.0782563807129375 0.14355521086403825 0.3348612418814281 0.1465420161835219 2.144587118080846 0.1133582734262197 1.379974025269638
67.21329914042718 0.22931956729411326 0.1997910556087307 0.8012967202131502 0.09897633438069242 2.0711518653477983 0.20344487231646669 0.18289981198613217 0.06522977621587289 1.369440317952008 0.10275779567292216 0.6138221070395539 0.018906196184523563 1.5999867988202887 0.3225199970672594 0.8617053750187669 0.24538184091341242 0.09217179413354627 0.17414969201606328 1.1595487782564509 0.18403135660094355 1.1253147479654304 0.359417128752836 2.0485744801199304 0.11350310460057483 1.4903427434257943 0.13022197327074 1.458771379177778 0.1778264487480662 0.18467253179687282 0.38560309400896153 1.4691038817977229 0.3707922003484958 0.6533680224738077 0.08652864195580277 0.27131120671117076 0.2880995946882671 0.5455376655166753 0.3520418696328778 2.0985557978786944 0.22517309097880506 1.1653735686778453 0.3732036427156 1.0528177116494155 0.10202455486031599 1.1101117352935868 0.04618972606492373 2.0943220512257206 0.1548462822774818 1.7332100429646111 0.02115710441818801 1.161556844539113 0.35440993350193173 2.147497141269614 0.2874603010937138 1.0773932150731493 0.3188264644151609 0.6577947952910133 0.36412915496686904 0.3892463674602565 0.10394653940886803 0.7941407443188618 0.0277608424952692 1.5996205841780218 0.04751191107941688 0.33281492000491714 0.1993811007449879 0.3932378745649323 0.18679057776693303 1.0116364704592233 0.22144436505142748 1.3673710209781704 0.23474452017036787 1.1359561684756638 0.3598853815872695 0.14498248787304882 0.1969030435762806 1.4981551508360829 0.1780183762094966 1.1819023169313778 0.17970851879509986 0.8962726146040627 0.14224612269001252 0.6905564871583613 0.34204136996330753 0.7919508344595728 0.2296755708355164 2.046440240397143
68.33262907006988 0.9390205791695853 0.06927270890388293 1.607201983491838 0.27675582949921856 0.522560668550423 0.32634614197299483 0.4166723857881964 0.08527138532737584 1.8016954963388536 0.06919905952359016 0.3565586934701855 0.30079152199325276 1.596414935057475 0.13539824557365213 1.099791416663404 0.2363164686556385 2.1278002886183467 0.37953701625548414 0.9432962896021982 0.18324984453823145 1.4569922197637628 0.28411221962111466 1.0063396852021909 0.10779181990994276 2.1720111177717767 0.09319624976244345 1.6847144290273992 0.3559546165718019 1.3946544442859912 0.14579357077807545 2.0258409023406716 0.16275608001839614 0.8605817480137407 0.048025618974597964 1.8622626471783656 0.3367779474332532 2.1768551045066626 0.005075117655848516 1.9697277094297025 0.17009649228975254 0.7860229167983493 0.1497378600972655 0.4337399840602125 0.31392270493126256 1.5427148421088621 0.39455632561105203 0.6550811492101106 0.23806913944439345 0.17070745704547124 0.24395674730312167 1.6550843586644635 0.22764401114517716 0.07520653463836585 0.3610621438697086 0.2047255968981511 0.10960197761809716 0.988811588824991 0.0794660457117573 0.05604081773513759 0.19437750282976074 0.5138042961478274 0.2806627141969038 1.767343442885811 0.18522830009033894 1.1881593172926868 0.3680631779428336 1.2781199657346407 0.24346760746664048 0.21748893225383426 0.19254909392897213 1.2698432918078024 0.11356550452393198 1.9143269362775766 0.21603276539029556 1.1299890796223504 0.3760253233276644 0.026914535270637675 0.35419470506990713 1.3958955270993458 0.06150471476543427 0.2682515258562933 0.3154176975985513 0.9793239671677029 0.20151638774831648 0.3049106262082406 0.26612654308973366 1.09534755472355 0.09749075947709396 0.5735486527422469 0.11961658450578089 1.9330143398928517 0.057926431030671126 0.7062741498639438 0.3494778461803915 1.8246815603444648 0.2719468376925363 0.11107947371863794 0.13970387406419937 2.15746791062831
71.73457249006327 1.6803605558962948 0.16279582090070563 0.1787964211552127 0.05184469144554722 1.7820441972548944 0.1670894186930678 1.6918603770404064 0.35550550971277955 1.1774830296385552 0.0028270265612227786 1.1254800320355058 0.3905006436117078 1.7334192278199658 0.21799840142820123 0.33707558083342204 0.0857319178927337 0.26618919412612796 0.011965868400452752 1.801726315290859 0.08385977338429927 1.2685568210985536 0.3566473474504332 0.7163466686393893 0.3562726240387706 0.7577195269445692 0.1291554736525453 0.7416935069937024 0.3437632266603332 0.44919817531351947 0.09260211606480394 0.7781187926076296 0.23267936934899144 2.014114728174241 0.27393156058098705 0.5116262602222325 0.33791480551592135 1.3014884761795944 0.050500551881356874 1.0181228344029127 0.04699148237068767 1.5443278748780076 0.18208804343088822 1.152732456673558 0.37737589728414567 0.9641696383898094 0.1709229717901727 1.2353429176961037 0.2399426011780803 0.2078522383786236 0.2800123099164169 0.45338359290830527 0.32068601600054425 0.9320633565915503 0.017169659168986672 2.0163551905458337
72.6223803921708 0.4442345849452575 0.17558959013454586 1.8625450473257883 0.19207363799546787 0.3400732657829948 0.33557220452299735 0.962357313036316 0.2828143918254124 1.5449664192526105 0.1899266408725201 1.138831441040943 0.07345795259761943 0.35975864438180166 0.01695512698790207 0.06681762718792479 0.38439654052297434 0.5471103581294284 0.3898491919225544 0.6034591792454087 0.035180452948668166 1.681448137341016 0.26959423704577606 1.2752147273771803 0.1628101374549516 0.6611299640470423 0.04919112922343882 0.40875839514572715 0.3287111012807776 1.7462041775574488 0.3949186577367879 1.9611259834168997 0.3724083134057681 0.3575988272206589 0.38000698337299854 1.635448480402664 0.3660195314426167 2.153060750051448 0.1551661817467534 1.74039498503129 0.1133031025440908 0.8419660680371492 0.1823169822533741 1.180480475054973 0.24974978334558595 0.027169817519864716 0.3024581028226628 0.13294714967190868 0.2300056756232888 0.4616017832341132 0.3669380743236233 0.17640600962143355 0.2755410922735306 1.3507334589509357 0.10580313133360862 0.8968702952188421 0.2313125969576999 0.07210761563559476 0.06819599710490323 0.8361410221162449 0.39364947107149395 0.9693071023118145 0.2707348345877439 0.7992046680499051 0.32345118371637277 0.24853570623498453 0.23540007228554072 1.1300297469364435 0.3819488501585522 2.0600330591623277 0.2591673342201875 0.7115468535924541 0.19898422319210984 1.2584547680294977 0.39991669651208467 0.26855671485272015 0.09309127518207179 0.49860887210163196 0.2532582702829827 1.6698033700787696 0.26669862192206284 2.1153082978584385 0.09448067518381774 0.02899891645278763
74.92057199610102 1.8408444511491455 0.023442491852559755 0.047111166910218556 0.3950020969663976 0.12024118951927094 0.27833936734034315 1.7196649794444816 0.0713126403996117 0.9779128333823177 0.023462830824513017 0.5924610121933163 0.30456386598488305 1.4300063293157685 0.23433040199253896 0.4854935947408344 0.05608291566132433 0.21354300579318694 0.06934117194310532 1.3619303696543155 0.07698401815158284 2.026865300561032 0.26018092264021564 1.5147207295880074 0.003943019896083433 1.493484116305953 0.16881033728510264 2.147334274635881 0.2806123028684642 0.2527037930867719 0.3045850025571155 0.6348520151455829 0.39978693012862576 0.050410906904748636 0.3207876038266082 0.9627199180039421 0.15282972685074211 1.8566573769564434 0.05835375253785063 1.5297178415937966 0.19455238275890485 1.5606505468497827 0.3758913763601788 0.8756990289395902 0.09897919304867996 0.9650193844567647 0.2709606881943179 1.9770291347379898 0.07662307966261471 0.0812455188221307 0.3603589978628168 0.8305137904792266 0.15138378594272514 0.6171478430523598 0.19769495516757513 0.5795249742750206 0.3860282315096721 1.353778904498038 0.08507883175572428 0.15615735234843625 0.29398299569931446 0.9435725614349391 0.2924240113447365 2.0661367955715915 0.05439686803413255 2.0048250311389726 0.015101392647666901 1.7308346395643317 0.3555530083602563 0.28154571290924846 0.04410550805064051 0.7356705296900293 0.15304046255703804 1.1789320954432299 0.39642350648251534 0.7913601458332667 0.1434593249894008 1.4735777264229062 0.3913764809690461 0.49165601661908337 0.25292624217226056 0.3573063424685369 0.36537242425511085 0.3535779596931305 0.34507752558790306 1.0751026015302585 0.22159517625788228 1.042656881581481 0.395025603459176 1.282365193234898 0.06206556208530825 1.4789628466858966 0.31430541918044663 1.026929881317406 0.1858484383887553 1.6900542992164618 0.06356988478687434 1.110068389937111 0.08818099441814115 1.847667276640863 0.06633994429083283 0.4698444621694554 0.3682866967280366 1.052189768881698 0.23626252174685322 1.9774475323806648 0.2787191280266734 1.5023043803551692 0.3960929590108034 0.18242812524988325 0.34601655491861205 1.451143806879816
75.36299677266297 1.5643378645341264 0.37349879261357544 1.8606994944546453 0.19231806243409355 1.563858339788074 0.03369309667101885 0.591091456293297 0.028976723369446768 0.5726877760806247 0.397471650400332 0.7515843058771633 0.3403970861756595 1.944806827936201 0.05667894261985338 0.2766710083561722 0.22571390400694866 0.21355535068611045 0.3907270111433765 1.4291979793986795 0.12406265638719849 2.0535581480263865 0.39705997227127504 0.6379952349084151 0.2571782090702834 0.04547430541568272 0.24341270346127916 0.8364895605286999 0.3979943233616318 1.2812866103086773 0.04019056526153464 0.44780058987073185 0.33935634621619304 0.18950792692217786 0.017332858118222917 0.7313426000033587 0.16461620904416396 1.4154960472875657 0.3108788660213664 0.7227089223205786 0.22778502665381978 2.181510103125663 0.2634167758184204 0.7268480829057898 0.1860431846440781 0.870263545231941 0.24426091661313612 1.5357858390768033 0.3244524954822746 1.9252941707651905 0.3972862831106574 1.0358689401316419 0.11067295967851334 0.9005362702764549 0.28086402762174506 1.8025672855241794 0.009144288450456273 2.0327736914063044 0.2942568159367855 0.1558373126039938 0.02919521588471219 1.9763185551825375 0.27916539906179 0.956905747860863 0.0775729432952017 0.8121757216364318 0.005617103047500516 1.4935794041279502 0.344154103415486 0.12573840454104812 0.21498924887612364 0.993329334881554
