pid,arrival_time,cpu_bursts_time,io_bursts_time,bursts_time,tat,ready_wait_time,io_wait_time
1,48.970153714965704,12.374816441399847,2.430489468430898,14.805305909830746,50.243791851148785,35.43848594131815,2.430489468430892
5,105.62675478898171,8.067607022432638,1.1020241847871062,9.169631207219744,43.03536780615934,33.42220774136871,1.5455530423579091
2,58.518329076693796,20.72798966262957,4.353586628134928,25.081576290764502,102.77511616281123,77.51489053696524,4.532235963216323
3,59.3123154494206,31.65177869638113,4.32782954643563,35.97960824281676,158.63151947397273,121.95402788483955,5.0257128927515
0,40.26680975369625,44.94004993187444,5.169254227634696,50.10930415950912,179.41705499380794,128.59924694410662,5.877758117826517
8,196.46842493797016,8.537692945482394,2.8430445079366238,11.380737453419018,56.383124834225754,45.002387380806425,2.8430445079366677
4,62.88037173646479,47.590926915601464,4.052200984044626,51.64312789964608,269.19913179772516,217.14823969105404,4.45996519106852
7,173.21091272427597,30.130976754619788,5.800154965906296,35.93113172052608,245.77280692105708,208.7884333859356,6.853396780500731
10,216.50207355222108,24.123689317623406,4.8037393998381015,28.92742871746151,240.5593379866894,211.2677600254717,5.1678886435935
6,140.90151209918537,45.05533026502145,5.056309035290296,50.11163930031175,424.3564465179372,373.9320355561142,5.369080696800296
13,285.33190232149656,18.980396301236297,4.069123903224093,23.04952020446039,280.15708520135314,256.70255911863046,4.47412978148617
25,437.86353321085437,7.78997445098202,2.2140560419653594,10.00403049294738,184.63308495436513,173.64071914867662,3.202391354706947
15,305.0791708069971,19.011276738226755,3.505465644538608,22.51674238276536,334.8962691773843,312.02375043898934,3.861242000168204
12,262.3392374510511,27.471967404667488,3.4097070380124004,30.881674442679888,426.52693124889595,395.351492966888,3.7034708773405214
16,326.9809535005515,19.576205232244234,4.01924220293736,23.595447435181597,382.3997752659911,358.59832919659095,4.225240837156377
9,205.86032068025315,36.731917063850496,6.7835661960838465,43.51548325993434,518.098584956025,473.91434496720564,7.452322924968854
11,249.6916398371355,31.02513984453962,5.5931770511650045,36.61831689570462,543.816408313512,506.66617862507553,6.12508984389757
17,344.0202967441514,22.95628294026365,4.748287617276651,27.704570557540297,590.8722758390143,561.7142618254649,6.201731073287078
30,495.93289069515515,15.494222882607527,3.6081733076234697,19.102396190230994,599.027298148594,579.5835417482956,3.9495335176929984
45,676.768411614362,8.900292141023236,1.9171087680041499,10.817400909027386,437.10306716396747,426.28566625494125,1.917108768004141
60,835.058148422361,6.890244261075113,1.6702247828746435,8.560469043949755,423.6289155124382,414.7096103162961,2.029060935067946
23,428.57702505996934,22.951373965706185,3.5682215338374355,26.519595499543623,916.2585694218023,889.7378384063944,3.569357049704138
47,686.4142870634572,11.452075998812191,3.7419876891192083,15.1940636879314,666.8700985673962,651.2461192809276,4.171903287657983
29,460.2238960050534,21.505736222795953,5.111348334061361,26.617084556857318,910.8822102006548,882.8600639251473,6.516410052713979
14,293.46539600801356,35.73237793768735,4.914164272347171,40.646542210034525,1098.5273351820797,1057.7416940258483,5.053263218546192
18,346.97837565425283,31.296877343975662,3.783972057285329,35.08084940126099,1096.6601287111364,1061.2865856542799,4.076665712883482
27,440.83577545434184,23.532432672971243,5.639897425344083,29.172330098315324,1005.5812443898752,976.1483679742155,5.900443742691209
41,652.528407284402,16.56332247860615,1.6221654674016786,18.18548794600783,832.4651859283856,814.2796979823803,1.6221654674016008
33,531.5181914357954,21.314583566078216,3.1690303517407252,24.483613917818943,1006.8790132983163,982.2632559451694,3.3011737870716615
52,739.8009768651475,15.048188977271478,2.914293395027173,17.962482372298652,843.0148921848856,824.9753632926254,2.991339914990931
21,413.7788526593664,29.807842696642638,2.861531686233672,32.669374382876306,1183.8443279405933,1151.17495355772,2.8615316862336613
19,373.07564716993306,32.92911681611593,5.723157263774061,38.652274079889985,1300.0953137473446,1260.5763506157161,6.589846315515331
51,734.9839609484832,18.03103134856639,2.85709118382361,20.88812253239,1002.5742239449164,981.6861014125292,2.8570911838235133
68,902.1603758765409,12.91480752265033,4.776012832352877,17.690820355003204,840.9105106215793,822.2440346892437,5.751668409686658
24,432.4094896745784,30.28249799097701,3.7757502385482056,34.05824822952521,1315.944130912678,1281.5268997624407,4.134733159264329
69,915.7277722621621,15.50352695797821,2.523957237976148,18.027484195954358,906.6881960561055,888.2327295666807,2.9519395314488293
28,457.93833955321634,33.722614803751895,4.222236021882478,37.94485082563438,1483.2788889754956,1444.6076716395862,4.948602532161658
66,883.6257082347531,19.040880069564988,3.6765545341948482,22.717434603759838,1072.339572808424,1048.7418698182853,4.556822920576565
59,831.799990581246,20.222250281295594,4.001376263943169,24.223626545238762,1124.6237301776362,1099.5588165144538,4.842663381889224
35,569.1593641704682,28.92201776669713,4.94985930001998,33.87187706671711,1391.7473726133685,1357.408368789997,5.41698605667807
26,438.45516505389776,34.44499714272962,5.135314984803808,39.58031212753343,1533.7108043986882,1493.7777039866553,5.488103269307658
39,636.713831592058,27.16822053694199,4.531062232729292,31.699282769671285,1371.2890332934398,1338.9958354416624,5.1249773148389295
61,850.1085076006704,21.09120535623933,3.3839062336921457,24.475111589931476,1160.9700630867792,1136.3359311367408,3.5429265938018943
63,852.8398673131956,20.548173924452016,4.51076183669157,25.058935761143584,1162.028628494676,1136.2187208546688,5.2617337155578525
20,404.2097362282992,39.57521271601606,3.3259484891988427,42.901161205214905,1627.7917649553779,1584.890603750168,3.3259484891986517
55,781.1466182759517,23.065107874886134,3.438367103069438,26.503474977955573,1255.1056511994216,1228.4276025090567,3.612940815482034
42,654.4096116152898,27.11861449911408,4.842243805956981,31.960858305071064,1383.3538996152458,1351.0010384652528,5.234246650882824
34,538.5366851427007,32.08653954608174,4.735707658859623,36.82224720494136,1500.5796490470796,1462.9952847649533,5.497824736049438
64,858.274635838297,22.92431270716161,3.8342035143949107,26.75851622155652,1224.5043747746504,1197.6010112465244,3.9790508209672453
40,638.4348202182257,29.201149243171784,3.1123703784401724,32.31351962161195,1446.810661969337,1414.4971423477286,3.112370378440005
32,522.683217262257,33.19845597282858,4.755775385757938,37.95423135858652,1566.2899813668337,1527.7364256970889,5.355099696920206
81,1066.5125471579106,19.324150182922885,4.0514191806030775,23.375569363525962,1042.5081633508032,1018.1960629766497,4.98795019123213
36,595.2644164026174,30.582673068858686,6.369541980175743,36.95221504903443,1523.3639407399314,1486.36727145012,6.413996220955255
83,1081.6225678778012,19.993238529576704,4.268889579335299,24.262128108912005,1043.812370151801,1019.3209460745859,4.498185547639423
38,605.1564500053934,32.32649605050087,3.0166897766000456,35.343185827100925,1522.5551265649628,1486.8393582884398,3.389272226024559
80,1041.2442533192707,22.548729060363648,4.651086331489932,27.19981539185358,1148.062959151573,1120.0546224149903,5.459607676219775
72,944.3726986521466,25.19958271446567,3.4325102423802676,28.632092956845938,1259.2914125102948,1229.9165554019028,4.175274393926884
79,1027.753268237067,23.528269318192002,3.1738554192029085,26.702124737394904,1177.4395095761374,1150.7373848387422,3.1738554192031643
71,941.37586089617,25.39993502611023,3.9720398457105257,29.37197487182076,1275.3477133934155,1245.420815493496,4.526962873809339
49,693.3327300116648,31.86417438700834,5.659562342239368,37.5237367292477,1546.8092176903183,1508.9079333659686,6.037109937341029
37,600.3339487917639,37.1057027250846,4.0647451577099885,41.17044788279459,1649.6752141635848,1608.5047662807901,4.064745157709922
46,686.0956653930374,34.43128979710289,3.83870950564979,38.26999930275268,1568.516665551971,1530.1142934749296,3.9710822799387415
50,726.3445598203061,32.48238250157313,5.394012108723151,37.87639461029627,1542.0365677206569,1503.9550342956186,5.599150923464094
44,672.1829036059125,35.975476187152395,4.072030189043444,40.04750637619583,1616.6780241319243,1575.9498413058755,4.752706638894779
58,830.9274657665848,31.81654277531647,5.5536360023117135,37.37017877762818,1470.033336313808,1432.2834343479403,5.93335919054789
67,900.1335323221871,31.599339858352245,3.2562017211945626,34.85554157954681,1418.309825109432,1382.9751789226982,3.7353063283786696
82,1076.257945312468,28.060080450112224,4.945262612668006,33.00534306278023,1247.967954412271,1214.7621574189484,5.1457165432073
74,957.797629783635,31.313299103511678,4.6073617929287405,35.92066089644041,1384.4194407596851,1348.4761301529588,4.630011503210653
22,415.20106325865936,50.88130399075356,6.68404720397386,57.56535119472742,1945.3682870275652,1887.6249497346587,6.8620333021494275
57,829.6780142359288,34.76945452903839,6.06426540758849,40.83371993662689,1539.328330496533,1498.4946062440238,6.064269723467419
75,968.0641566879509,34.97241797017075,3.7145963844850423,38.687014354655794,1420.7474059730102,1381.4557630500015,4.319224952831746
56,789.5659456848709,38.95403587218728,4.792591444394446,43.74662731658173,1601.0295052,1557.2057988093989,4.869670518408725
65,868.4260889436767,37.04733134218576,5.122558741557032,42.16989008374279,1531.4023966861887,1489.0002013353046,5.35486400869263
62,850.8326314552028,38.416034049871556,7.188342115294853,45.60437616516641,1567.5881432234405,1521.576837685109,7.595271488453363
54,770.2169763026611,41.957330536677055,5.430610984707348,47.387941521384406,1652.5869478523234,1604.9088572597686,5.720760055870983
76,978.8550244904644,37.933810503871186,4.40940929154795,42.343219795419145,1446.876112967147,1404.0600795969171,4.88222286635073
77,992.5211447909749,38.824910671748114,3.2958405297904254,42.12075120153854,1436.7574410359605,1394.44395489628,3.4885754679241927
48,687.4653967094036,47.02137579063267,5.614488243173596,52.63586403380626,1757.5531112111448,1704.2695474100492,6.26218801045502
78,1005.7953834725757,39.58482240989894,5.924000931832364,45.50882334173131,1439.9199362019262,1394.2304425892812,6.104671202736881
53,743.0939797252784,45.721368151531365,5.598796883905393,51.32016503543676,1702.8260839756447,1651.2027826232365,5.901933200867802
73,946.7157159535755,43.813146074174306,4.511867964474876,48.32501403864917,1509.5515937834657,1460.3998784413568,5.338569267924299
70,935.144230739156,51.945748371258986,6.104147635788175,58.049896007047174,1546.2982965136118,1487.4725920407316,6.879956101605899
31,514.7811383644719,76.54672231922258,7.178796550769118,83.72551886999169,1989.8418750449193,1904.697309227077,8.597843498599332
43,667.4676857657333,75.3342195781088,5.433387532251652,80.76760711036044,1841.405221061233,1760.3741576976167,5.696843785483452
