pid,arrival_time,cpu_bursts_time,io_bursts_time,bursts_time,tat,ready_wait_time,io_wait_time
1,48.970153714965704,12.374816441399847,2.430489468430898,14.805305909830746,39.788871476231066,24.98356556640033,2.430489468430899
2,58.518329076693796,20.72798966262957,4.353586628134928,25.081576290764502,51.37415166118296,26.292575370418504,4.353586628134906
5,105.62675478898171,8.067607022432638,1.1020241847871062,9.169631207219744,18.54867507915688,9.379043871937114,1.102024184787112
3,59.3123154494206,31.65177869638113,4.32782954643563,35.97960824281676,104.3524393412219,68.22236616892991,4.478294475910836
8,196.46842493797016,8.537692945482394,2.8430445079366238,11.380737453419018,23.084203819875256,11.38572013737982,3.160790737013002
7,173.21091272427597,30.130976754619788,5.800154965906296,35.93113172052608,69.45281561316972,33.42196679962004,5.89987205892993
10,216.50207355222108,24.123689317623406,4.8037393998381015,28.92742871746151,67.67682814238594,38.32107495479573,5.232063869966822
9,205.86032068025315,36.731917063850496,6.7835661960838465,43.51548325993434,119.4199434107723,74.81972721670559,7.868299130216371
13,285.33190232149656,18.980396301236297,4.069123903224093,23.04952020446039,54.44154919426461,30.655876009497433,4.805276883530894
16,326.9809535005515,19.576205232244234,4.01924220293736,23.595447435181597,64.8381045963385,40.36728286133314,4.894616502761153
12,262.3392374510511,27.471967404667488,3.4097070380124004,30.881674442679888,174.5133109089931,142.99549273458513,4.045850769740525
11,249.6916398371355,31.02513984453962,5.5931770511650045,36.61831689570462,194.26811129523307,157.25108549025364,5.991885960439845
25,437.86353321085437,7.78997445098202,2.2140560419653594,10.00403049294738,19.63795011310242,9.379351583247796,2.468624078872608
27,440.83577545434184,23.532432672971243,5.639897425344083,29.172330098315324,60.971744930780176,31.544985498550773,5.894326759258206
29,460.2238960050534,21.505736222795953,5.111348334061361,26.617084556857318,120.19292043694026,92.45293379382719,6.234250420317039
26,438.45516505389776,34.44499714272962,5.135314984803808,39.58031212753343,213.6840788412752,174.06594986044814,5.1731318380976745
34,538.5366851427007,32.08653954608174,4.735707658859623,36.82224720494136,186.58810879755185,149.16721103197835,5.334358219491833
45,676.768411614362,8.900292141023236,1.9171087680041499,10.817400909027386,70.96409737943316,60.1466964704058,1.917108768004141
49,693.3327300116648,31.86417438700834,5.659562342239368,37.5237367292477,79.0177594606372,41.42483362639439,5.728751447234686
52,739.8009768651475,15.048188977271478,2.914293395027173,17.962482372298652,43.63503099608454,25.111357207994615,3.4754848108183296
47,686.4142870634572,11.452075998812191,3.7419876891192083,15.1940636879314,108.34298237321104,92.38347969381641,4.507426680582398
60,835.058148422361,6.890244261075113,1.6702247828746435,8.560469043949755,11.950294444687756,3.3898254007380046,1.6702247828746977
68,902.1603758765409,12.91480752265033,4.776012832352877,17.690820355003204,46.839308818409904,28.462048144766527,5.462453150993156
63,852.8398673131956,20.548173924452016,4.51076183669157,25.058935761143584,131.4646673201869,106.29170593054107,4.62478746519389
66,883.6257082347531,19.040880069564988,3.6765545341948482,22.717434603759838,121.23439633261103,98.33976119488807,3.8537550681577386
61,850.1085076006704,21.09120535623933,3.3839062336921457,24.475111589931476,230.7069309033635,206.23181931343197,3.3839062336920733
80,1041.2442533192707,22.548729060363648,4.651086331489932,27.19981539185358,66.73896243492413,39.19777407146216,4.99245930309803
83,1081.6225678778012,19.993238529576704,4.268889579335299,24.262128108912005,49.22559776571302,24.780827338323206,4.451531897813084
59,831.799990581246,20.222250281295594,4.001376263943169,24.223626545238762,353.6347504547209,329.14871973545905,4.263780437966261
75,968.0641566879509,34.97241797017075,3.7145963844850423,38.687014354655794,255.67312804126834,216.76905373373177,3.93165633736578
69,915.7277722621621,15.50352695797821,2.523957237976148,18.027484195954358,321.3548432128722,303.31518286701737,2.536133387876589
82,1076.257945312468,28.060080450112224,4.945262612668006,33.00534306278023,189.79030830209877,156.3132036786069,5.417024173379787
57,829.6780142359288,34.76945452903839,6.06426540758849,40.83371993662689,451.84637058119745,410.8270539660666,6.249862086092207
30,495.93289069515515,15.494222882607527,3.6081733076234697,19.102396190230994,812.2913377702185,792.3107518724869,4.486363015124084
72,944.3726986521466,25.19958271446567,3.4325102423802676,28.632092956845938,379.1773531900343,350.1470642681519,3.8307062074168243
33,531.5181914357954,21.314583566078216,3.1690303517407252,24.483613917818943,807.2423231268547,782.7587092090358,3.1690303517406164
81,1066.5125471579106,19.324150182922885,4.0514191806030775,23.375569363525962,312.56124934591867,288.7403252988422,4.496773864153738
67,900.1335323221871,31.599339858352245,3.2562017211945626,34.85554157954681,509.5289987693794,474.6734571898327,3.256201721194543
39,636.713831592058,27.16822053694199,4.531062232729292,31.699282769671285,815.5180905492579,783.5538856129717,4.795984399344206
42,654.4096116152898,27.11861449911408,4.842243805956981,31.960858305071064,817.5072965076333,785.0460129198426,5.342669088676985
36,595.2644164026174,30.582673068858686,6.369541980175743,36.95221504903443,889.1394603246706,851.0789911788276,7.477796076984191
40,638.4348202182257,29.201149243171784,3.1123703784401724,32.31351962161195,872.8493100456753,840.5357904240634,3.112370378440005
14,293.46539600801356,35.73237793768735,4.914164272347171,40.646542210034525,1247.0822766392698,1206.3113190113463,5.03857969023619
0,40.26680975369625,44.94004993187444,5.169254227634696,50.10930415950912,1512.0314182185325,1461.7995141929305,5.291854093727466
51,734.9839609484832,18.03103134856639,2.85709118382361,20.88812253239,828.2223130218708,806.7409805120564,3.4503011612479213
17,344.0202967441514,22.95628294026365,4.748287617276651,27.704570557540297,1232.2023261740649,1204.1347008873108,5.111342346490687
23,428.57702505996934,22.951373965706185,3.5682215338374355,26.519595499543623,1214.0168114285493,1186.7775808924812,4.287856570362123
62,850.8326314552028,38.416034049871556,7.188342115294853,45.60437616516641,837.201153814405,791.0247014841607,7.760418280372619
56,789.5659456848709,38.95403587218728,4.792591444394446,43.74662731658173,900.8517278086456,856.7338866205599,5.163805315898571
73,946.7157159535755,43.813146074174306,4.511867964474876,48.32501403864917,759.3033522996859,710.9783382610367,4.511867964474845
55,781.1466182759517,23.065107874886134,3.438367103069438,26.503474977955573,949.1074726064943,922.3341555962436,3.7082091353644273
79,1027.753268237067,23.528269318192002,3.1738554192029085,26.702124737394904,729.0623573125511,701.597803114727,3.9362848796320122
18,346.97837565425283,31.296877343975662,3.783972057285329,35.08084940126099,1420.7939054885,1385.3344864380624,4.162541706461923
71,941.37586089617,25.39993502611023,3.9720398457105257,29.37197487182076,846.422022280568,816.8444321144773,4.177655139980402
35,569.1593641704682,28.92201776669713,4.94985930001998,33.87187706671711,1242.7332346723042,1208.5667652174282,5.244451688178856
15,305.0791708069971,19.011276738226755,3.505465644538608,22.51674238276536,1529.3790134296235,1506.3762976910953,3.9914390003014546
41,652.528407284402,16.56332247860615,1.6221654674016786,18.18548794600783,1203.2964673983554,1184.8681344304518,1.8650104892976742
37,600.3339487917639,37.1057027250846,4.0647451577099885,41.17044788279459,1270.5786873198058,1229.4082394370112,4.064745157709808
53,743.0939797252784,45.721368151531365,5.598796883905393,51.32016503543676,1189.8303790213488,1138.1468727111978,5.962138158619496
74,957.797629783635,31.313299103511678,4.6073617929287405,35.92066089644041,1002.6572589379529,966.710833895123,4.63312593931812
32,522.683217262257,33.19845597282858,4.755775385757938,37.95423135858652,1484.2972811563277,1445.6508471389773,5.447978044521506
50,726.3445598203061,32.48238250157313,5.394012108723151,37.87639461029627,1287.0159787531563,1249.1017128547842,5.431883396798867
54,770.2169763026611,41.957330536677055,5.430610984707348,47.387941521384406,1252.8430549242214,1204.9692852606067,5.916439126937462
28,457.93833955321634,33.722614803751895,4.222236021882478,37.94485082563438,1606.8064562349946,1568.6276423861748,4.456199045067308
64,858.274635838297,22.92431270716161,3.8342035143949107,26.75851622155652,1222.7139484831573,1195.4258591707053,4.363776605290468
21,413.7788526593664,29.807842696642638,2.861531686233672,32.669374382876306,1674.0669037591138,1641.0357549628518,3.2233060996193217
4,62.88037173646479,47.590926915601464,4.052200984044626,51.64312789964608,2038.5486918785887,1986.4532247786253,4.504540184362142
58,830.9274657665848,31.81654277531647,5.5536360023117135,37.37017877762818,1295.7719625339919,1258.2319373248627,5.7234824338127055
46,686.0956653930374,34.43128979710289,3.83870950564979,38.26999930275268,1462.4511812354895,1424.181181932737,3.83870950564949
19,373.07564716993306,32.92911681611593,5.723157263774061,38.652274079889985,1784.9072559542594,1745.6064339792729,6.371705158870782
77,992.5211447909749,38.824910671748114,3.2958405297904254,42.12075120153854,1205.8641750592753,1163.743423857737,3.295840529790553
78,1005.7953834725757,39.58482240989894,5.924000931832364,45.50882334173131,1208.0988820812663,1162.4676796175472,6.046380053820144
76,978.8550244904644,37.933810503871186,4.40940929154795,42.343219795419145,1236.1664543660027,1193.7076896662556,4.524954195875921
44,672.1829036059125,35.975476187152395,4.072030189043444,40.04750637619583,1565.7349948957644,1525.0281891723525,4.731329536259636
22,415.20106325865936,50.88130399075356,6.68404720397386,57.56535119472742,1825.580935352697,1767.1031201768135,7.596511185129771
65,868.4260889436767,37.04733134218576,5.122558741557032,42.16989008374279,1413.4432072606492,1371.2733171769062,5.1225587415571
6,140.90151209918537,45.05533026502145,5.056309035290296,50.11163930031175,2186.3034480368383,2135.920787802092,5.3273299697247865
24,432.4094896745784,30.28249799097701,3.7757502385482056,34.05824822952521,1896.3296661729994,1861.5285656903613,4.518602491661113
38,605.1564500053934,32.32649605050087,3.0166897766000456,35.343185827100925,1755.778800446859,1720.4356146197574,3.016689776599833
31,514.7811383644719,76.54672231922258,7.178796550769118,83.72551886999169,1892.282011377122,1808.5564925071303,7.178796550768993
48,687.4653967094036,47.02137579063267,5.614488243173596,52.63586403380626,1759.9100963939404,1707.0245206920645,5.864199911244214
43,667.4676857657333,75.3342195781088,5.433387532251652,80.76760711036044,1785.6577007551837,1704.3719189757687,5.95156220130616
20,404.2097362282992,39.57521271601606,3.3259484891988427,42.901161205214905,2084.959779123973,2041.497346799188,3.887219608769044
70,935.144230739156,51.945748371258986,6.104147635788175,58.049896007047174,1575.743448952968,1517.2199380269171,6.577762554791889
