pid,arrival_time,cpu_bursts_time,io_bursts_time,bursts_time,tat,ready_wait_time,io_wait_time
1,48.970153714965704,12.374816441399847,2.430489468430898,14.805305909830746,16.391581096818115,1.586275186987379,2.430489468430906
5,105.62675478898171,8.067607022432638,1.1020241847871062,9.169631207219744,11.512601096000779,2.3429698887810133,1.102024184787112
2,58.518329076693796,20.72798966262957,4.353586628134928,25.081576290764502,74.10518473830922,49.02360844754476,4.35358662813492
3,59.3123154494206,31.65177869638113,4.32782954643563,35.97960824281676,97.80122361612521,61.821615373308425,4.327829546435623
8,196.46842493797016,8.537692945482394,2.8430445079366238,11.380737453419018,14.623961047714573,3.243223594295472,2.8430445079366677
10,216.50207355222108,24.123689317623406,4.8037393998381015,28.92742871746151,33.07061959391373,4.1431908764521665,4.803739399838122
7,173.21091272427597,30.130976754619788,5.800154965906296,35.93113172052608,80.03358038930023,44.10244866877409,5.800154965906387
13,285.33190232149656,18.980396301236297,4.069123903224093,23.04952020446039,43.4084041091167,20.358883904656352,4.069123903224067
9,205.86032068025315,36.731917063850496,6.7835661960838465,43.51548325993434,135.72834458652545,92.21286132659117,6.78356619608391
16,326.9809535005515,19.576205232244234,4.01924220293736,23.595447435181597,32.40085529736024,8.80540786217864,4.0192422029373915
12,262.3392374510511,27.471967404667488,3.4097070380124004,30.881674442679888,146.08489766672295,115.20322322404309,3.4097070380124137
11,249.6916398371355,31.02513984453962,5.5931770511650045,36.61831689570462,180.5232136177543,143.6923144403104,5.805759332904302
25,437.86353321085437,7.78997445098202,2.2140560419653594,10.00403049294738,14.625944238435352,4.506039880679737,2.3299299067736
27,440.83577545434184,23.532432672971243,5.639897425344083,29.172330098315324,37.69067735789184,8.518347259576615,5.6398974253440315
26,438.45516505389776,34.44499714272962,5.135314984803808,39.58031212753343,168.6364158473791,129.05610371984608,5.1353149848035855
29,460.2238960050534,21.505736222795953,5.111348334061361,26.617084556857318,181.9167124468823,155.2996278900249,5.111348334061347
45,676.768411614362,8.900292141023236,1.9171087680041499,10.817400909027386,26.07428160961274,15.230999991396516,1.9429894771930094
34,538.5366851427007,32.08653954608174,4.735707658859623,36.82224720494136,209.93092174765115,173.10867454270988,4.73570765885961
52,739.8009768651475,15.048188977271478,2.914293395027173,17.962482372298652,27.571302034034602,9.601768437193869,2.9213446195691404
47,686.4142870634572,11.452075998812191,3.7419876891192083,15.1940636879314,85.48527425543682,70.29121056750535,3.7419876891192416
49,693.3327300116648,31.86417438700834,5.659562342239368,37.5237367292477,92.05184775055216,54.52811102130488,5.659562342239155
60,835.058148422361,6.890244261075113,1.6702247828746435,8.560469043949755,12.29156350234291,3.7310944583931587,1.6702247828746977
68,902.1603758765409,12.91480752265033,4.776012832352877,17.690820355003204,20.903801433730337,3.2129810787274664,4.776012832352649
63,852.8398673131956,20.548173924452016,4.51076183669157,25.058935761143584,131.42275945171878,106.36382369057515,4.5107618366916995
66,883.6257082347531,19.040880069564988,3.6765545341948482,22.717434603759838,124.16797776470139,101.45054316094115,3.67655453419502
61,850.1085076006704,21.09120535623933,3.3839062336921457,24.475111589931476,233.19661769823313,208.72150610830158,3.3839062336920733
83,1081.6225678778012,19.993238529576704,4.268889579335299,24.262128108912005,38.858547213773136,14.596419104860843,4.268889579335564
80,1041.2442533192707,22.548729060363648,4.651086331489932,27.19981539185358,83.58397502132584,56.384159629471924,4.651086331489978
59,831.799990581246,20.222250281295594,4.001376263943169,24.223626545238762,340.7299783759215,316.5063518306829,4.00137626394303
75,968.0641566879509,34.97241797017075,3.7145963844850423,38.687014354655794,237.7983356106671,199.1113212560116,3.7145963844847074
69,915.7277722621621,15.50352695797821,2.523957237976148,18.027484195954358,307.3724713836274,289.34498718767304,2.5239572379761057
82,1076.257945312468,28.060080450112224,4.945262612668006,33.00534306278023,160.7913903811109,127.78604731833047,4.94526261266833
57,829.6780142359288,34.76945452903839,6.06426540758849,40.83371993662689,423.65273250314533,382.8190125665186,6.0642654075880955
72,944.3726986521466,25.19958271446567,3.4325102423802676,28.632092956845938,349.7486989606365,321.1166060037905,3.432510242380431
30,495.93289069515515,15.494222882607527,3.6081733076234697,19.102396190230994,813.0824190612426,793.676425878069,3.9117703005660474
33,531.5181914357954,21.314583566078216,3.1690303517407252,24.483613917818943,787.5712627080832,763.0876487902643,3.1690303517406164
81,1066.5125471579106,19.324150182922885,4.0514191806030775,23.375569363525962,274.0795667270063,250.70399736348008,4.051419180603489
67,900.1335323221871,31.599339858352245,3.2562017211945626,34.85554157954681,494.73827995902786,459.8827383794811,3.256201721194543
39,636.713831592058,27.16822053694199,4.531062232729292,31.699282769671285,787.2233136549811,755.5240308853099,4.531062232729255
42,654.4096116152898,27.11861449911408,4.842243805956981,31.960858305071064,797.5511532098933,765.5902949048223,4.84224380595731
36,595.2644164026174,30.582673068858686,6.369541980175743,36.95221504903443,868.0966700456208,831.1444549965863,6.369541980175654
40,638.4348202182257,29.201149243171784,3.1123703784401724,32.31351962161195,853.1602373714495,820.8467177498376,3.112370378440005
14,293.46539600801356,35.73237793768735,4.914164272347171,40.646542210034525,1222.1398873385865,1181.4933451285522,4.914164272347023
51,734.9839609484832,18.03103134856639,2.85709118382361,20.88812253239,792.9121429215961,772.024020389206,2.8570911838235133
17,344.0202967441514,22.95628294026365,4.748287617276651,27.704570557540297,1197.0914123207233,1169.3868417631832,4.748287617276844
0,40.26680975369625,44.94004993187444,5.169254227634696,50.10930415950912,1576.2847389575968,1526.1754347980873,5.169254227634937
23,428.57702505996934,22.951373965706185,3.5682215338374355,26.519595499543623,1208.4695176403557,1181.7355636891555,3.7825799854942375
62,850.8326314552028,38.416034049871556,7.188342115294853,45.60437616516641,830.8898794158229,785.2855032506567,7.1883421152945175
56,789.5659456848709,38.95403587218728,4.792591444394446,43.74662731658173,901.9905083198066,858.2438810032248,4.792591444394702
73,946.7157159535755,43.813146074174306,4.511867964474876,48.32501403864917,762.2058549279584,713.8808408893092,4.511867964474845
18,346.97837565425283,31.296877343975662,3.783972057285329,35.08084940126099,1385.5648965274138,1350.4840471261527,3.7839720572853253
55,781.1466182759517,23.065107874886134,3.438367103069438,26.503474977955573,961.3140678121293,934.8105928341736,3.4383671030694813
79,1027.753268237067,23.528269318192002,3.1738554192029085,26.702124737394904,726.5333345144795,699.8312097770845,3.173855419202937
71,941.37586089617,25.39993502611023,3.9720398457105257,29.37197487182076,830.1734611033389,800.8014862315181,3.972039845710583
15,305.0791708069971,19.011276738226755,3.505465644538608,22.51674238276536,1496.8491091831,1474.3323668003343,3.505465644538674
35,569.1593641704682,28.92201776669713,4.94985930001998,33.87187706671711,1263.4766040429868,1229.6047269762696,4.94985930002008
37,600.3339487917639,37.1057027250846,4.0647451577099885,41.17044788279459,1240.6056175078998,1199.4351696251051,4.064745157709808
41,652.528407284402,16.56332247860615,1.6221654674016786,18.18548794600783,1204.1422483382755,1185.9567603922678,1.6221654674016008
53,743.0939797252784,45.721368151531365,5.598796883905393,51.32016503543676,1163.8951009810944,1112.574935945658,5.5987968839052655
50,726.3445598203061,32.48238250157313,5.394012108723151,37.87639461029627,1236.3295603839001,1198.4531657736038,5.394012108723018
74,957.797629783635,31.313299103511678,4.6073617929287405,35.92066089644041,1017.7359779030536,981.8153170066131,4.607361792928714
32,522.683217262257,33.19845597282858,4.755775385757938,37.95423135858652,1497.475964563404,1459.5217332048173,4.755775385757943
54,770.2169763026611,41.957330536677055,5.430610984707348,47.387941521384406,1258.662169208762,1211.2742276873778,5.430610984707187
28,457.93833955321634,33.722614803751895,4.222236021882478,37.94485082563438,1589.2087637842099,1551.2639129585752,4.222236021882566
21,413.7788526593664,29.807842696642638,2.861531686233672,32.669374382876306,1652.6211601937093,1619.9517858108331,2.8615316862335476
64,858.274635838297,22.92431270716161,3.8342035143949107,26.75851622155652,1221.2094382114865,1194.4509219899303,3.834203514394744
19,373.07564716993306,32.92911681611593,5.723157263774061,38.652274079889985,1731.6842855732746,1693.0320114933847,5.7231572637740555
4,62.88037173646479,47.590926915601464,4.052200984044626,51.64312789964608,2048.119870661609,1996.3260210689675,4.202922677040476
46,686.0956653930374,34.43128979710289,3.83870950564979,38.26999930275268,1445.215183304369,1406.9451840016163,3.83870950564949
58,830.9274657665848,31.81654277531647,5.5536360023117135,37.37017877762818,1309.7197587467258,1272.2661243042312,5.63709166717797
76,978.8550244904644,37.933810503871186,4.40940929154795,42.343219795419145,1201.8419808903132,1159.4987610948945,4.409409291547604
77,992.5211447909749,38.824910671748114,3.2958405297904254,42.12075120153854,1213.6863758290476,1171.5656246275094,3.295840529790553
78,1005.7953834725757,39.58482240989894,5.924000931832364,45.50882334173131,1209.2260953838904,1163.7172720421595,5.924000931832097
44,672.1829036059125,35.975476187152395,4.072030189043444,40.04750637619583,1554.7846490199304,1514.737142643735,4.072030189043062
22,415.20106325865936,50.88130399075356,6.68404720397386,57.56535119472742,1825.9325971087278,1767.9417773146672,7.10951580330709
24,432.4094896745784,30.28249799097701,3.7757502385482056,34.05824822952521,1842.4307571663023,1808.372508936777,3.775750238548426
6,140.90151209918537,45.05533026502145,5.056309035290296,50.11163930031175,2163.3227964461475,2113.211157145836,5.0563090352899
65,868.4260889436767,37.04733134218576,5.122558741557032,42.16989008374279,1444.9572299657311,1402.7873398819881,5.1225587415571
38,605.1564500053934,32.32649605050087,3.0166897766000456,35.343185827100925,1740.4548192553339,1705.1116334282324,3.016689776599833
48,687.4653967094036,47.02137579063267,5.614488243173596,52.63586403380626,1705.625285767364,1652.9894217335573,5.6144882431746055
43,667.4676857657333,75.3342195781088,5.433387532251652,80.76760711036044,1768.5344928604304,1687.76688575007,5.433387532251572
31,514.7811383644719,76.54672231922258,7.178796550769118,83.72551886999169,1939.1938619478267,1855.4683430778348,7.178796550768993
70,935.144230739156,51.945748371258986,6.104147635788175,58.049896007047174,1557.9593575520637,1499.9094615450167,6.104147635787967
20,404.2097362282992,39.57521271601606,3.3259484891988427,42.901161205214905,2104.331116169393,2061.4299549641787,3.3259484891984243
