pid,arrival_time,cpu_bursts_time,io_bursts_time,bursts_time,tat,ready_wait_time,io_wait_time,response_time
43,406.00871450867066,66.92266489266876,47.769526896206244,114.69219178887502,705.9291294870036,584.7622412341749,54.24422336016022,406.00871451
1,32.58698722449838,70.21226849846956,47.98184718655139,118.19411568502095,1585.8953163993747,1460.020341598419,55.66270630248576,33.22659133
21,184.86041494069815,68.71098730881542,47.572589743661716,116.28357705247714,1436.0675471393213,1312.6765278572182,54.68003197328753,187.32628951
67,655.4718148373229,78.08104782583047,45.94852482452705,124.02957265035752,972.6654416460515,842.0353982462664,52.54899557395413,655.47181484
47,447.950156430045,73.30623336796101,46.69103039522546,119.99726376318648,1497.1120910979407,1370.8852045034532,52.92065322652684,447.95015643
51,493.1591355474411,70.04044850040158,47.11507984183171,117.15552834223328,1596.710115104051,1473.709484272688,52.960182330961175,493.15913555
83,782.9513217302199,74.08223864317085,46.40521993020266,120.48745857337349,1649.5351535270563,1523.2070665425435,52.24584834134123,787.04947967
44,414.407470728928,80.48385940287865,47.95729117986267,128.44115058274133,2103.58945948242,1970.5623180668329,52.54328201270704,415.59961249
66,646.2836693526904,77.29067109290828,45.3691909695058,122.65986206241408,1913.2081452817827,1781.60310335233,54.31437083654373,653.64422961
41,373.06396640003925,77.43648780678136,46.59162313919039,124.02811094597178,2296.0608510559214,2162.889583226742,55.73478002239716,373.06396640
59,579.2787214116773,77.78252242651995,47.2648364087017,125.04735883522164,2177.7197530698036,2044.434280664936,55.50294997834601,579.43694221
31,306.52699253524145,80.154363107775,45.82187261526067,125.97623572303564,2495.5296849296196,2364.2375369819715,51.137784839872495,306.68909823
34,334.20626493367797,65.7815386579133,46.28545542089924,112.06699407881254,2501.434626691742,2385.707588640978,49.945499392848774,334.20626493
74,699.1731960904687,80.15133232953336,46.185273089848444,126.33660541938178,2245.7961748066973,2115.425391430917,50.219451046248196,782.78517777
6,49.562213193740895,77.60479117537025,46.383647876202424,123.98843905157264,3224.0157092376767,3091.909365693068,54.50155236923665,49.82599975
69,666.7585603695311,72.36630363550908,45.83366002826311,118.1999636637722,2654.380760315149,2529.4729348722176,52.541521807423806,667.09348639
26,239.55012610342655,84.93635734173387,45.81137905739927,130.74773639913315,3238.7189094130367,3100.864244170327,52.91830790097387,239.74586673
42,374.9552010507247,74.45099979581957,46.8987969391767,121.34979673499629,3159.1504211726506,3035.016375141231,49.68304623560084,374.95520105
29,273.44375188633006,78.51374457629449,45.76015236182299,124.2738969381175,3364.405036104571,3235.1118710220208,50.77942050625711,273.44375189
8,58.06455367386197,91.96539352482012,47.02037564619563,138.98576917101576,3684.77304998985,3539.303569316042,53.50408714898839,66.45800094
46,425.2375859291121,91.31141941910074,46.74114560462318,138.05256502372393,3394.99703932634,3250.4493237412184,53.23629616602466,485.61292525
55,562.8768335584804,81.7420412459503,46.84812051121367,128.59016175716397,3315.103684462662,3181.6645329395647,51.69711027714743,562.87683356
48,458.70159370957725,78.12423523183149,46.86640884140004,124.99064407323154,3425.7347870756785,3293.726244008078,53.884307835769505,458.70159371
50,487.2117860659949,78.1564409790412,46.975294025567806,125.131735004609,3415.0936402821194,3282.6411507100024,54.296048593076534,487.38693053
15,123.72035573095573,85.08882465741458,47.694250224113745,132.78307488152834,3802.0308645451832,3665.4411173641206,51.50092252364698,129.52311979
61,588.5033701416321,83.14830878539297,46.95938640688872,130.10769519228168,3510.045012863451,3373.861170047078,53.03553403098135,588.50337014
11,70.03907211792311,73.48202275999782,47.77601924561471,121.25804200561254,4094.2117213222114,3967.4553728274846,53.27432573473281,92.49437137
49,473.02828416267164,75.9616132142244,46.501131546632024,122.4627447608564,3703.8321877491685,3575.9229221123483,51.94765242259439,473.02828416
37,342.2333686419853,82.88844914178328,46.63626678926888,129.52471593105219,3898.9972607637374,3765.2467973786866,50.86201424326555,1152.14276977
0,32.17355974211294,86.19523053074776,47.25316131612876,133.44839184687655,4286.348333650735,4148.681619824525,51.47148329546115,32.17355974
45,425.1387414290032,81.5794647810572,46.51506820027918,128.09453298133636,3907.039305431358,3774.0760399828073,51.383800667489766,440.27526749
73,697.6919242598435,78.34436663272916,46.020306863068235,124.36467349579738,3685.284818534542,3554.6442756435126,52.29617625830042,697.69192426
64,637.491236356751,74.0567620610886,46.37967312928587,120.43643519037445,3871.4683250945327,3743.8722046851512,53.53935834829588,638.30922515
39,355.4127902251804,83.99738405543707,46.86409306210238,130.86147711753944,4171.318258706789,4035.565652737856,51.755221913495575,355.47253773
12,90.53982471991714,90.34423735827083,46.71378794845662,137.05802530672747,4597.146226173654,4455.898351420087,50.90363739529472,90.53982472
65,639.6499236891664,88.8332517174789,47.191816131190045,136.02506784866893,4163.761760048234,4023.099401915219,51.82910641553224,639.64992369
13,102.72746518194309,89.06325965367918,47.45693918177023,136.5201988354494,4709.990336834567,4567.225769161304,53.70130801958307,104.15025387
30,289.3796511094085,78.93759845829653,45.66283438318521,124.60043284148176,4602.850074776736,4475.320718243048,48.59175807539708,289.37965111
5,49.15996365710366,78.19481812554352,45.12971490810747,123.32453303365101,4893.690106447977,4761.425685887548,54.06960243488322,49.15996366
32,325.8530532515766,90.3045898353205,46.930762666311445,137.23535250163195,4674.449654509896,4531.222014774665,52.923049899911575,325.85305325
81,754.0104910365516,89.88360584731483,47.82708778029783,137.71069362761264,4259.995352164982,4117.792754998029,52.31899131963803,754.17214606
4,48.03674878779112,99.22224497665542,46.972539885656154,146.19478486231156,5006.391737243222,4856.420472378346,50.74901988821926,48.12937334
57,568.8668221140879,81.83917864674872,46.15150891004464,127.99068755679333,4551.578757303263,4416.331546409681,53.40803224683248,580.70511352
16,133.38886658375648,71.25460852988655,45.448135816883415,116.70274434676998,5025.119694032499,4901.9156194092775,51.94946609333738,133.49497673
56,564.651522856854,84.43010665315794,47.284458588172186,131.7145652413301,4665.458607257013,4525.390927690688,55.63757291316381,564.73222077
84,786.5162046652056,81.66173043364873,46.55513940857568,128.21686984222438,4459.091646160622,4328.013775288787,49.416140438187995,786.51620467
3,46.22415145466863,84.71285047946732,46.947578242119064,131.66042872158636,5284.223424072284,5144.05884213003,55.451731462784046,46.22415145
18,172.5972287470065,80.28678040138487,47.67264164288593,127.95942204427081,5217.215283371276,5084.650106760556,52.27839620933494,173.02261457
79,725.8049750314433,78.48417922068121,47.18597442751336,125.67015364819457,4694.4139763578305,4564.730771128465,51.19902600868056,726.17706536
19,176.96856119966722,80.89803487669569,47.418954779837115,128.3169896565328,5262.466825854998,5127.501461945405,54.06732903289412,176.96856120
62,605.08307360449,71.30553184625565,47.19399121103311,118.49952305728876,4955.869914977217,4826.5607231951335,58.003659935825794,605.25704758
28,261.0406405966841,88.13767717601006,46.88968173853686,135.02735891454694,5337.256327385656,5198.414572704005,50.704077505641465,262.24039181
27,259.0584108429631,103.72027307847189,46.272873142242574,149.99314622071444,5373.560023278564,5220.158034783204,49.681715416896964,259.05841084
17,158.65219835938217,79.07133669134778,46.586402980620925,125.6577396719687,5541.89791215599,5408.2613755141865,54.56519995045639,158.67983956
75,708.9843017624629,95.79322999202896,46.08719016228236,141.8804201543113,5031.522142467034,4885.49458953989,50.23432293511678,708.98430176
80,728.6009891883467,91.04182427388089,48.1107047926283,139.15252906650917,5113.821389595076,4970.193646078138,52.585919243058015,728.60098919
14,103.01196008962866,76.89143055029432,45.62690215669111,122.51833270698542,5744.023710094479,5614.498613069702,52.63366647447852,103.01196009
77,718.5432881279553,89.01808198171781,46.83554133160442,135.8536233133222,5163.908157606156,5023.991602807687,50.89847281675259,720.38864631
71,688.4733649555421,82.32582042652382,45.97166558998316,128.29748601650698,5241.419546375191,5108.5412832363,50.552442712365746,688.72893498
10,69.71270390216623,82.12944124351769,46.404813901591524,128.53425514510926,5900.9545398134605,5766.678067200789,52.14703136915679,69.71270390
54,553.7979690771651,84.89605877988967,46.1105229839897,131.00658176387935,5465.641955750582,5332.220260669484,48.525636301206646,554.86760674
35,339.5779826809554,78.63574225607323,45.8967882815736,124.53253053764684,5686.210130802971,5554.16250595571,53.41188259118576,339.64467536
53,542.1456911048006,92.89370554399699,46.83955438969333,139.7332599336903,5526.100355388239,5382.077217369047,51.129432475198996,542.14915733
22,194.72463311425267,77.31631859002721,46.25128179056511,123.56760038059231,5908.113665351471,5776.1603768828245,54.63696987861857,194.89516183
78,719.8442041787358,86.1806742583154,46.240038447906024,132.42071270622145,5421.587493487442,5285.2031068130655,50.20371241606313,879.52616007
24,223.0796694526043,88.41846967849986,46.2978750584206,134.71634473692046,5927.412597888695,5786.762767233003,52.23136097719208,223.07966945
72,689.4495781463029,70.48113771109031,46.16490389856296,116.64604160965328,5546.350445865403,5422.294308443616,53.574999710696375,689.69569746
25,224.19199388455525,75.80832190048292,46.463217414676116,122.27153931515902,6051.098333143411,5921.732063837044,53.557947405884335,224.19199388
40,360.77440378681575,100.25824922212804,46.90572241638872,147.16397163851673,5950.836845960926,5802.058706514773,48.519890224023925,362.14266295
20,183.03229444943915,81.77614503289865,46.7766625907033,128.55280762360195,6145.864144271689,6013.616414150836,50.471585087952604,183.03229445
60,586.028379301581,81.58714268695527,46.94036904864711,128.5275117356024,5796.148132542805,5663.916213968554,50.64477588729653,586.02837930
63,618.347607967175,84.13264973948733,46.415777075554324,130.54842681504164,5803.379575423527,5669.4964894894165,49.75043619462531,618.34760797
52,518.7656662022976,91.23799968851655,47.40554290420767,138.64354259272426,5949.492505686009,5805.934772116656,52.31973388083725,518.76566620
36,341.6866621392462,75.53581658415384,47.42570080850526,122.96151739265908,6220.646289209361,6090.890528401023,54.21994422418368,341.83721918
82,759.766490288141,74.81655499936508,46.71105789893227,121.52761289829736,5827.681942707968,5701.355261982926,51.51012572567606,762.29710148
9,62.16171702289878,96.24989417871377,46.816143308965245,143.066037487679,6565.192331518061,6415.127941890582,53.81449544876461,62.16171702
38,350.1148781851122,85.20943770005807,45.739817610972054,130.94925531103013,6309.1489909000275,6173.763985407753,50.17556779221718,350.11487819
68,656.0605316751775,73.57759802651258,46.936968673363836,120.51456669987641,6027.618210912829,5898.799204184674,55.24140870164376,656.06053168
33,327.0764209269533,79.10273830637449,47.80774886897668,126.91048717535122,6369.4418826999145,6237.599817998148,52.73932639539083,327.07642093
70,668.5645386148456,91.08925175205431,45.314097168740076,136.40334892079437,6048.002193303284,5908.573413977706,48.33952757352438,668.56453861
7,55.67005211863308,77.41371963053112,47.48727632511868,124.90099595564979,6699.88586157432,6568.334415233462,54.137726710327534,55.76379391
58,570.9151217335412,77.1416855547513,46.041267220744814,123.18295277549609,6229.9091838325885,6100.703400641263,52.064097636570295,571.23960872
2,36.94692549668711,86.72324286537085,46.29189492427983,133.0151377896507,6842.529808529991,6703.4384653593515,52.36810030526294,37.02419855
76,710.8591789148702,81.22416058255735,46.903376306207676,128.12753688876504,6237.538064019773,6104.730599829085,51.58330360813079,710.90545891
23,201.64610929048763,97.92953817991383,45.91567649221796,143.8452146721318,6804.827161945529,6657.895889280958,49.00173448465867,201.65700168
