pid,arrival_time,cpu_bursts_time,io_bursts_time,bursts_time,tat,ready_wait_time,io_wait_time,response_time
0,0.7484536113377476,73.47607226141656,46.846058171578335,120.32213043299492,3379.402151512104,3235.361614142936,70.56446510776009,0.74845361
2,15.276329360782398,81.69642717811642,45.571420471222716,127.26784764933913,4491.707595817533,4333.414634696546,76.59653394289165,15.68221200
1,3.969506749002279,89.08972100189698,47.2626402142085,136.3523612161055,4634.149348430452,4468.629773832507,76.42985359606857,3.97642497
10,111.83849593593419,62.13685527249752,47.57755809119141,109.71441336368893,4624.373937871477,4484.859179611153,77.37790298784779,114.77027823
3,32.196741332841015,84.54222121081358,46.51800467826667,131.06022588908021,5023.879795115382,4865.544143836745,73.79343006784543,32.24660037
4,61.75554069590521,78.55670412942226,46.50184238886482,125.05854651828707,5186.051904791612,5037.812469605835,69.68273105638418,63.78317253
9,108.44352044059065,69.03211750596354,45.87065243367875,114.90276993964231,5147.663605583173,5003.684540173662,74.94694790357018,115.76986066
19,177.07521385663915,69.88697281606358,46.31119020482891,116.19816302089247,5444.062411004048,5303.0336046311495,71.14183355685961,183.83776054
14,141.9212621483628,75.30258484065676,46.66464595210635,121.9672307927631,5643.964208465706,5486.877647525762,81.78397609932134,146.98745445
31,250.19196232020977,70.76285083959722,47.13980562969342,117.90265646929063,5656.490413218,5512.482910668012,73.24465171042186,287.24724675
43,368.5164928667383,68.48007423713476,46.14630840372767,114.62638264086243,5625.0388131888285,5478.722201435744,77.83653751598229,437.65399194
18,169.62510359668136,76.4265513186016,47.057196736885814,123.48374805548741,5880.340529386491,5723.395770480469,80.51820758745455,173.15659528
5,64.97149801901237,88.10677378267904,46.2486290121241,134.35540279480313,5985.882012965796,5821.363435359489,76.4118038236628,77.68188771
41,355.06555064380103,70.56643055407284,46.69894085230696,117.26537140637981,5735.743729138003,5580.075656330403,85.1016422535576,368.80278464
8,99.02959328211266,83.57815303080476,46.91195417078525,130.49010720159004,6027.494007765992,5868.517251299014,75.3986034362075,106.61081795
7,97.96374506365966,84.72635374078008,46.44586288629782,131.17221662707792,6071.630428876384,5901.843614268924,85.06046086671861,111.44855324
22,193.75955807069766,77.84138747861459,46.26201191206582,124.10339939068041,6014.10135567075,5855.045129643938,81.21483854823154,201.15623459
28,223.0765700829628,76.09457839044097,46.697829172895744,122.79240756333674,5988.272032020829,5830.702946101884,81.47450752853717,266.92737741
11,121.69408877719904,82.90318094608853,46.7922756905075,129.69545663659602,6117.613897946156,5960.896360194488,73.81435680561621,123.67169054
12,122.45493867358287,84.10752788210806,47.31000132902763,131.41752921113567,6120.132130620148,5956.248938940697,79.77566379738232,147.00494800
64,577.9024437392934,67.6392106611096,45.82952655218616,113.46873721329574,5698.016117081899,5549.412434518038,80.96447190278343,589.39886032
29,239.4069843891013,76.0854282852165,47.822512783801166,123.90794106901765,6038.364755172324,5888.249759179427,74.02956770771786,254.99849760
39,325.1338897107118,73.47080680374626,45.58236837604949,119.05317517979577,5960.643552714688,5815.3711021771,71.80164373387692,338.15381164
20,187.7376288132646,81.07934411189444,45.76070613261149,126.84005024450593,6143.118861950509,5987.419304467874,74.62021337078184,207.81037962
16,149.1651906607354,81.72513726119394,47.1200892578758,128.84522651906974,6185.42835054563,6025.735255178849,77.96795810561997,154.53428974
27,218.10960774983698,78.65171862682487,46.25670243919992,124.90842106602477,6118.070246309477,5965.976682121859,73.44184556083027,240.66206360
30,240.70458582329633,77.81878395729704,48.134009954486444,125.95279391178349,6098.161489892084,5935.45013247525,84.89257345957611,245.69949923
46,413.58491800999315,73.40340492966135,45.75800703382294,119.16141196348431,5929.363916401679,5775.973161460773,79.98735001128404,436.75532770
38,314.64966142196903,76.46950582183116,46.80725417335468,123.27675999518584,6059.735724784102,5914.273710907641,68.99250805466829,327.34317535
17,149.96925612241805,84.41642468356187,46.99757552337258,131.41400020693447,6248.398923804685,6079.864520653379,84.11797846778757,155.52437358
13,140.7686658803089,85.74488307968029,48.01218656195553,133.75706964163584,6276.791319045309,6108.183440633932,82.86299533173766,161.46596596
33,275.15739075463915,79.83611739674443,46.4192353796514,126.25535277639582,6165.864856500862,6007.719108358098,78.30963074605637,280.85451286
15,144.12722799092506,86.58123259377548,46.10738738037333,132.68861997414882,6376.241103044709,6218.087398956683,71.57247149429455,146.77159958
65,583.935708967978,74.39997898493164,46.28832067185903,120.68829965679068,5947.1599559892675,5797.570909219646,75.18906778472353,628.42973630
45,374.93546648659424,77.10205911648823,45.0747381582677,122.17679727475596,6156.44238481407,6006.6755945219675,72.66473117565062,390.60749081
21,188.50010615020767,85.73525722410298,46.14513758565611,131.88039480975908,6383.102241345301,6220.415902051728,76.9510820695109,194.30342049
35,278.96841844907135,80.50196626729334,45.10747665139741,125.60944291869076,6298.5449044996585,6140.889771539607,77.1531666928019,291.01578244
52,473.714638235023,76.61852015893088,46.536751554699364,123.15527171363024,6119.402435082715,5960.678345082642,82.10556984118085,506.94096373
32,272.2227922510024,82.20405609875881,45.138806263279015,127.34286236203783,6326.296439657604,6164.501503982733,79.5908795761564,277.55770101
6,89.65819636561596,94.76975333902021,46.04930080599838,140.81905414501858,6518.9904160628175,6338.9558012108,85.26486151303887,94.18990549
71,653.6914622979821,73.280227608207,47.37753679226878,120.65776440047577,5955.6506696107235,5793.782739776183,88.5877022263785,768.14325511
48,434.04856314821,77.3220255085772,46.31126767690673,123.63329318548394,6181.871781703478,6031.097867892835,73.45188830210816,442.00316284
24,212.5745431707251,84.7290238924807,45.945241830698045,130.67426572317873,6416.590582711657,6250.727916384409,81.1336424348101,249.85583495
62,576.0833027519724,74.19087638720926,47.391242728509354,121.58211911571861,6054.492814644967,5901.4002906166525,78.90164764114468,598.14667775
54,501.5871781716931,77.41609674585092,48.15695815464683,125.57305490049774,6131.732382889909,5971.189876568798,83.12640957530294,510.38103200
49,451.39668616826305,78.85587459564144,45.19848372320576,124.05435831884719,6223.7012784209755,6062.662448456816,82.18295536855902,477.14010913
40,327.82738249041574,83.31177108186489,48.20114126563561,131.51291234750053,6349.051034488523,6186.685169463596,79.05409394310453,334.27622333
37,310.7061762682223,82.36972201827312,46.37164145944073,128.74136347771386,6372.3073300416545,6209.245908680185,80.69169934323975,356.56254498
66,601.3719341895172,77.42411418865947,46.299576180579265,123.72369036923874,6082.060886429929,5927.648962414152,76.98780982716062,622.06397241
47,433.828418249434,78.97595806761255,47.815942941699305,126.79190100931186,6250.387836124428,6094.567426253066,76.84445180379532,476.31133486
76,718.0196175728371,75.43768067134741,46.14982030963112,121.58750098097852,5968.2978247163555,5818.8729678030395,73.9871762420097,771.15281100
50,454.6510100243026,80.53630344064375,46.86890942725152,127.40521286789527,6246.631227449974,6092.735145845158,73.35977816421808,462.79321903
59,571.0645414802746,78.79629996317351,46.11296664782997,124.90926661100349,6135.661823956538,5977.7792093602075,79.08631463320387,580.87441468
80,829.2588670102845,75.5669708358283,46.384278431700224,121.95124926752854,5919.227055213858,5766.89866920525,76.76141517282542,969.79519742
63,576.1819672291011,78.68038753674071,46.965014116900676,125.6454016536414,6179.891931991232,6025.448550420828,75.76299403371047,598.14818763
51,458.7643546221351,83.45044113611658,46.79216375833732,130.2426048944539,6305.821217818765,6139.074062390557,83.29671429213818,484.10226586
74,685.009784335264,78.51907896354676,46.412147938464734,124.93122690201149,6098.4435541849525,5943.435237853448,76.48923736800782,762.14515576
69,632.122065966764,79.3108512338574,47.204018598557994,126.5148698324154,6167.891026575235,6001.565533241307,87.01464210011795,667.79464110
44,372.7234192046346,87.54174793247934,47.125799925459305,134.66754785793862,6435.839819655972,6268.91757166062,79.38050006292207,380.38254204
25,217.0406197715445,90.76291724522977,47.310212041266674,138.07312928649645,6593.216250158054,6423.820970044083,78.63236286879072,244.58764029
55,527.3234223810922,84.80336345426116,46.61297290345912,131.4163363577203,6305.120115461245,6144.845468954488,75.47128305254432,536.58982044
42,362.9735591406613,88.2907907187932,46.58795665933122,134.87874737812444,6469.661011980705,6302.148927142807,79.2212941191525,377.55582943
56,538.8088680777349,85.03806401451907,45.24149342184572,130.2795574363648,6309.461400730149,6154.626745144135,69.79659157153765,569.09995590
26,217.6472585233245,94.44734783715643,46.19861349904397,140.64596133620043,6638.519006833671,6466.4723260358405,77.59933296072614,222.10883683
60,573.091248187063,83.91229468679488,47.33837181833769,131.25066650513256,6290.873862217787,6127.355749409651,79.60581812138503,626.57845940
68,622.2551824436517,83.4016633362571,46.80365198156348,130.2053153178206,6252.266348089949,6096.949727343149,71.91495741059123,646.11408358
83,876.884458978645,81.72626299038227,46.36022605026432,128.0864890406466,6017.964878231736,5856.748363877206,79.49025136419777,992.60179825
81,851.5116822152996,81.82900664245328,46.576973743954,128.4059803864073,6046.971138410768,5890.803792842537,74.33833892582516,879.23165786
79,828.012730435201,82.56488270408568,46.74556579948221,129.3104485035679,6075.909905614384,5916.917754783875,76.42726812647481,912.81611466
78,770.9660269199046,83.86055484851362,46.56926143111404,130.42981627962763,6133.337573887065,5971.582851690298,77.8941673483032,784.49809641
36,297.0191385164097,93.49337126408685,46.51388795821375,140.0072592223006,6613.03390886399,6439.33911386214,80.20142373781277,340.53448519
73,675.6184039468086,85.02652905997552,47.10404179412214,132.13057085409764,6239.459389953755,6075.106200993637,79.32665990019302,687.43509514
61,573.2198679746474,88.49915019741204,45.839056603778836,134.3382068011909,6344.750021654965,6178.229431964908,78.02143949269578,751.38069188
82,864.3705577273332,83.28857284614669,46.225399681109636,129.51397252725633,6053.669583209652,5894.255449774158,76.12556058940186,891.73335310
70,643.2420064134003,87.6417247296972,44.81406596673903,132.45579069643622,6280.02862615841,6117.730139803106,74.65676162565899,690.20430839
77,725.1459704575468,85.49566112949667,46.166270921709106,131.66193205120578,6199.0412109703575,6041.433248867771,72.11230097314308,765.44502862
34,278.22180274338893,96.83066785452546,45.65113821808605,142.4818060726115,6650.517930172706,6483.607013710567,70.0802486076671,307.65070177
75,689.916136744316,86.59288831157258,47.4925702235591,134.08545853513172,6242.035711495714,6078.144166773086,77.29865641110894,742.24707206
57,565.9649536228538,90.29886491075375,46.07857717218208,136.37744208293583,6367.024714067758,6192.59882016983,84.12702898722603,575.27654482
23,210.3310213823083,99.89428604191801,46.627589898333824,146.52187594025182,6724.492338920193,6537.770955715533,86.82709716279655,223.73741854
84,877.9027373821178,86.56905670228508,46.25563801264712,132.8246947149322,6064.056174570035,5899.599555598271,77.88756226953649,891.90561799
72,668.5288203543926,90.8490943533743,46.3812813083132,137.2303756616875,6276.032579164616,6103.958172987808,81.22531182348746,718.17152449
58,568.1627704517264,93.42560224388306,46.264788441885045,139.6903906857681,6377.70974822409,6209.512638066961,74.77150791330553,599.35460514
53,484.515420152624,94.20532857317346,46.861970776277836,141.06729934945128,6462.356066770288,6291.078760463848,77.07197773332098,493.16871213
67,618.9050403289398,94.09076428082025,46.55393747382022,140.64470175464044,6330.020739934993,6162.027972776226,73.90200287800337,629.98580915
