pid,arrival_time,cpu_bursts_time,io_bursts_time,bursts_time,tat,ready_wait_time,io_wait_time,response_time
0,2.3826382044234533,78.1255566234841,47.29773498016767,125.42329160365178,4241.049144110934,4093.1223188105364,69.80126867692907,2.38263820
2,6.919950153015682,82.72316158899434,45.82390020794338,128.54706179693773,4700.2725960495545,4539.949620719568,77.59981374101193,6.97965872
3,12.940804913232938,80.10353413022519,47.233021240444245,127.33655537066944,4791.452654840748,4634.114347698856,77.23477301168714,14.82414347
1,5.957530694332842,86.79700621480744,46.46920356226609,133.26620977707353,5090.158590992387,4925.430070265016,77.93151451258692,6.01437192
8,70.00336073945167,73.59307000038775,46.50334385056186,120.09641385094962,5253.43797313645,5102.433467344161,77.41143579192723,79.00408272
4,39.82987208811402,81.34944857269377,46.401973002917806,127.75142157561157,5330.385726701817,5165.282410818015,83.75386731113238,40.14589739
5,56.092796294733475,79.52389994930098,47.524127858351775,127.04802780765276,5457.751659858336,5297.672595438554,80.55516447051099,58.47051614
34,307.35458844890053,63.32347471965983,45.090562304275394,108.41403702393518,5359.11093605168,5215.38305043184,80.40441090020897,325.35016592
11,112.97981407654812,75.83830892939199,46.756057506346956,122.59436643573895,5655.312362647162,5506.065512046579,73.40854167122436,125.48058973
26,243.1773479494522,68.69256734896646,46.74063505166425,115.4332024006307,5634.346991104745,5484.349339206887,81.30508454892276,276.76169273
14,161.07197244285175,75.08441565121956,46.05418044288616,121.13859609410574,5870.983463751292,5711.825107204388,84.0739408957138,163.61832108
15,166.40255053306086,76.18190324974778,46.61659796473511,122.79850121448288,5921.224070906273,5767.431491615691,77.6106760408648,171.65250521
7,68.32821128001409,87.25557141344132,46.86816326729159,134.12373468073292,6067.734524345323,5903.043746561406,77.43520637051317,84.26104510
6,61.52858415614594,88.05575518295355,47.42791331086302,135.48366849381654,6108.117302407027,5941.182525149712,78.87902207439494,64.77268642
68,547.0922988942126,66.17258777827179,45.661351662220774,111.83393944049256,5677.754958865472,5530.272162817737,81.31020826949555,558.39959372
25,219.7994291817993,76.18051361794669,46.12432548073574,122.30483909868245,6038.860330918041,5890.149680202637,72.53013709749621,258.13609775
9,77.94217602670055,88.08691785505955,46.98692997628873,135.0738478313483,6205.840295149026,6035.464889898084,82.2884873959199,81.26104994
46,361.76339455568325,70.54326844482304,47.67962055675183,118.22288900157484,5980.307403801236,5827.130051514205,82.63408384224192,404.08471802
75,647.1352294454111,67.09911954674938,46.62246175769306,113.72158130444244,5723.472840319625,5574.056806667607,82.31691410530107,687.45700197
47,368.0596423902687,71.761771596235,45.85376940497255,117.61554100120756,6017.594502064896,5870.857883699363,74.97484676933647,376.31185868
48,371.4651698591706,73.48227222013166,45.97145044317919,119.45372266331086,6067.346617367672,5919.693961240118,74.17038390745438,434.40141278
18,176.50041447338972,80.32817800072594,48.81618064620214,129.14435864692808,6268.718618939106,6105.254253237401,83.13618770101439,182.36699437
16,171.74230322433795,82.29940500532769,46.49826688280274,128.79767188813042,6283.4708882121295,6126.577902268402,74.59358093843741,180.34643508
32,280.3623397683645,76.64567297515568,47.00937896554371,123.6550519406994,6197.435020467792,6043.761199950404,77.02814754226938,290.49694330
54,396.4429100366879,74.35342990613381,45.60733725756952,119.96076716370332,6141.0163103229825,5989.3689685805275,77.29391183635926,528.08969207
24,212.76748169838203,81.56633876770346,46.91522361765832,128.4815623853618,6346.643749750559,6196.072282643246,69.00512833964865,229.85942221
29,258.1167945187358,80.00059060896527,46.003247474625645,126.00383808359092,6317.099692735439,6164.696611228581,72.40249089793576,268.80060221
77,687.6931049537409,71.80035315715581,45.797324039037555,117.59767719619336,5904.308901803107,5759.912113929131,72.59643471685536,712.58994167
20,189.7151457718829,82.98232637901357,47.04146235227463,130.0237887312882,6407.22059512876,6244.543365435244,79.69490331454665,200.02372792
28,251.68331020075607,80.622527727629,46.88041771006096,127.50294543768996,6347.037856583941,6190.361986157439,76.05334269891097,281.88650148
63,510.39680205724045,73.09513224636163,44.11455322580638,117.20968547216799,6095.318685509459,5949.3842599787695,72.83929328436807,542.66519486
53,396.4341887178713,75.93355246174025,47.19082874111015,123.12438120285044,6222.843713899403,6068.352225229886,78.55793620781645,434.06753345
17,176.1529162393162,85.33159015876583,46.91986587799904,132.2514560367649,6467.222441844342,6300.735912122436,81.1549395631825,178.85824555
55,420.1259937609298,77.08331370611378,46.51326506150249,123.59657876761626,6233.140671868753,6084.414224736513,71.64313342616822,438.75999733
13,156.41433652324156,86.79074883147806,45.426367362854236,132.21711619433228,6505.9778900380925,6344.946824607558,74.24031659909829,178.75887670
21,192.03004437392858,84.7616362991014,44.86798833923165,129.62962463833304,6490.279730430251,6337.158344739996,68.35974939119356,214.44230771
23,211.98277502559137,85.2244892288046,46.717204685204514,131.94169391400914,6522.610227792106,6364.305305797344,73.08043276600182,228.97385735
41,332.439395497926,80.73598947584102,46.18636767679446,126.92235715263548,6416.227358603709,6259.677977950073,75.81339117783381,340.20973668
10,90.53034392859793,96.53158499266156,45.03170843100769,141.56329342366925,6665.583135097963,6492.064003750256,76.98754635509253,112.00235333
19,182.63515678963017,87.87262695217902,45.59031436342986,133.46294131560887,6606.492215650408,6437.994905084011,80.624683614263,185.59196123
22,205.02146046582678,86.3835303209804,46.850828241601,133.2343585625814,6589.646652974959,6424.980954244936,78.28216840908868,217.43189475
58,449.72954107899847,80.23017610571254,47.15623899346061,127.38641509917315,6351.539083205375,6195.969421416532,75.33948568317032,491.58006034
35,314.5460576780155,83.10176186482228,48.38728921067057,131.48905107549285,6498.591544804703,6336.045552466719,79.44423047320464,340.12694589
67,544.0316323101306,77.46417850145303,46.9214888034819,124.38566730493494,6279.324063347624,6120.845024725428,81.01486012078715,591.76063806
30,268.89851967824507,86.61852395151571,45.78016170342412,132.39868565493984,6601.2530456722425,6440.281437712156,74.35308400861607,279.50407244
42,341.56667537333584,84.16733688841067,48.20114832023929,132.36848520864996,6534.1764184127505,6372.500384412223,77.50869711216166,349.38128119
51,380.0233362166797,83.05677768221986,46.42885340444791,129.48563108666775,6498.64882875866,6335.659156915436,79.93289416104886,388.45222149
57,431.80068674435495,81.19439252578044,46.717500913001494,127.91189343878195,6451.7090547471,6296.377764656579,74.13689756478482,582.67192423
83,736.1147040727469,77.35269747476809,47.267686195459554,124.62038367022767,6148.98136966042,5996.2842976403945,75.34437454530189,926.70173505
43,349.8504820569993,83.07946787750703,46.87590541417585,129.95537329168286,6541.811624906134,6381.490314941486,77.24184208719231,364.20916632
49,374.27491521414174,83.90273078095562,47.52972212696795,131.4324529079236,6523.586612889222,6369.648891326113,70.0349907822004,498.16215724
27,247.34502422550833,89.52353621831101,46.4989323658958,136.02246858420682,6672.433281538723,6509.218032278003,73.69171304245884,303.26799959
38,323.8196528809102,85.13340277018933,47.85626422665306,132.9896669968424,6610.789102080288,6454.311426598155,71.34427271199684,351.73325112
12,132.80101171164432,96.6681007436137,45.80319105404062,142.47129179765432,6802.744898415124,6628.706882841445,77.36991483011752,149.23818267
78,688.5207677310001,80.5583640493783,46.78183571571465,127.34019976509296,6252.6242054280865,6093.812222840935,78.2536185378209,769.97302210
50,377.4989984406717,86.7454663422585,46.36873592541956,133.11420226767805,6591.449308004796,6426.782251040594,77.92159062198652,413.31915182
56,426.1957084056105,85.33974337568499,47.50644242958373,132.8461858052687,6542.904181190853,6382.131347722204,75.43309009301191,454.53895409
36,316.26239841160634,88.10636820483279,47.0422783381894,135.1486465430222,6662.757985784909,6495.517069152402,79.13454842772273,322.73323443
74,643.8153096497737,81.99375684852504,46.130516398126645,128.12427324665165,6341.408289134735,6185.605378035501,73.80915425075966,657.69437377
39,325.90035348271044,88.51309207349591,46.41775652699141,134.93084860048734,6663.662187342981,6497.707233594757,77.44186167477449,339.24707918
31,269.6912034218285,90.16822774432472,46.886412938335305,137.05464068266008,6723.255050135652,6549.365470687483,83.72135170389095,280.19780517
66,540.0207287316624,85.14902470506138,45.91174058955132,131.06076529461268,6469.888272100913,6307.649662265099,77.08958513080358,623.99972742
73,603.5552623844462,84.83463619042259,46.82552719181454,131.66016338223713,6406.648499180704,6248.310104182823,73.50375880750403,640.55109026
72,574.7515316237126,85.57932381452325,47.511838542024705,133.09116235654795,6445.769616223474,6283.390218503289,76.80007390571507,587.54444385
80,712.6367408276886,82.24583475453612,46.11359936203043,128.35943411656655,6317.965208839494,6163.3231669790375,72.39620710597399,740.02579188
76,652.735862253523,83.99444648853482,47.589358606999106,131.58380509553388,6381.430538642788,6219.991726405795,77.44436574851,679.92467592
62,487.8619415410821,87.42774739341934,47.02205238397664,134.44979977739598,6552.84547816277,6383.490393667365,81.92733710203777,553.41546495
40,329.99063185089665,91.68760627005086,47.421485938789694,139.10909220884056,6733.577972724228,6563.957025305035,77.93334114919577,344.73834166
44,357.2024336473914,94.01046904245604,46.97945443807459,140.9899234805306,6724.721416413086,6557.28259402164,73.4283533490439,389.72904296
61,480.65817603790657,91.20822258301536,44.412876690842594,135.62109927385794,6603.010291310799,6440.20919542335,71.5928733044791,580.61663188
45,358.26439620313886,94.26988355107049,48.026476839237496,142.296360390308,6726.4026920844235,6555.338545239154,76.79426329425013,427.44979939
70,561.0870416845582,88.7198488877558,47.226315750372954,135.94616463812872,6525.869217879396,6362.886758015231,74.26261097645977,571.82514925
60,473.7771965837723,91.18958423473157,45.781052906228545,136.9706371409601,6613.713850203533,6449.780329513714,72.74393645514317,516.25803877
52,392.8462832725039,93.2127227371638,46.217259653461404,139.42998239062518,6699.519760943586,6533.953737415357,72.35330079112055,502.27235657
65,535.8266655492821,90.86623994607085,45.9083182964603,136.77455824253116,6557.8212447978385,6394.360968541956,72.59403630986537,582.36091262
84,737.6591172534044,88.61062072117946,46.860668586181426,135.47128930736088,6366.35350215182,6200.898688157232,76.84419327346393,766.12438351
59,450.83258431277915,94.29790148598055,46.82856364165395,141.1264651276345,6656.307215855786,6486.202698695081,75.80661567478046,569.57789594
33,289.9976750829536,99.42133625289867,47.14876377731753,146.57010003021617,6827.3112320160035,6654.143190126967,73.74670563619463,384.86029584
71,568.9175803680026,93.66012798037393,46.58410098256023,140.2442289629342,6551.147342170876,6382.554636292363,74.9325778981929,593.94209867
69,549.0085469860087,94.6925770240546,46.29099246033237,140.98356948438698,6581.425995856678,6415.07618567045,71.65723316222875,596.37510190
81,724.8371880991984,91.925235631305,48.470212132803454,140.39544776410844,6406.965726353996,6235.632889065858,79.40760165689335,872.83512592
64,513.9139355257521,97.43792231999608,45.397838867600385,142.83576118759646,6618.342449948411,6449.716878753512,71.18764887496286,582.38407340
79,691.8821955908812,96.96992692368373,47.256141153478936,144.22606807716267,6447.140104680188,6275.277019160839,74.89315859572798,759.88704389
82,731.4698528884446,95.96582573225878,45.15744345787506,141.12326919013384,6408.263087603253,6238.665842541182,73.63141932987423,774.75516894
37,321.81108482626917,110.30450433511301,48.001518751305625,158.30602308641863,6825.667085784205,6642.467348092665,72.8952333564929,372.32719786
