pid,arrival_time,cpu_bursts_time,io_bursts_time,bursts_time,tat,ready_wait_time,io_wait_time,response_time
0,2.3826382044234533,78.1255566234841,47.29773498016767,125.42329160365178,4341.400498308788,4184.475463114745,78.79947857055004,2.38263820
3,12.940804913232938,80.10353413022519,47.233021240444245,127.33655537066944,4648.842765710008,4492.767687436391,75.97154414338085,14.92414347
2,6.919950153015682,82.72316158899434,45.82390020794338,128.54706179693773,4773.6016307900045,4616.526885225671,74.35158397532406,6.91995015
1,5.957530694332842,86.79700621480744,46.46920356226609,133.26620977707353,5078.971295922269,4914.065510743508,78.10877896393762,6.01437192
8,70.00336073945167,73.59307000038775,46.50334385056186,120.09641385094962,5233.537926939559,5090.654234204009,69.2906227351469,77.94344243
4,39.82987208811402,81.34944857269377,46.401973002917806,127.75142157561157,5353.387531811843,5195.87619378273,76.16188945639922,41.09525886
5,56.092796294733475,79.52389994930098,47.524127858351775,127.04802780765276,5463.616266811865,5306.698370659696,77.3939962028511,58.46872785
11,112.97981407654812,75.83830892939199,46.756057506346956,122.59436643573895,5683.768066624125,5530.217738610748,77.71201908396664,125.42543689
34,307.35458844890053,63.32347471965983,45.090562304275394,108.41403702393518,5524.950330156725,5380.347036611085,81.27981882596214,324.34513664
26,243.1773479494522,68.69256734896646,46.74063505166425,115.4332024006307,5747.1874027427075,5598.787501610956,79.70733378276617,277.78142357
14,161.07197244285175,75.08441565121956,46.05418044288616,121.13859609410574,5904.275647930378,5754.023234076346,75.16799820279226,164.77603547
6,61.52858415614594,88.05575518295355,47.42791331086302,135.48366849381654,6042.342475703096,5881.258809869006,73.02791065111262,65.09894895
7,68.32821128001409,87.25557141344132,46.86816326729159,134.12373468073292,6100.783080056516,5939.861066097758,73.66644254529538,84.94167560
15,166.40255053306086,76.18190324974778,46.61659796473511,122.79850121448288,6047.088184366795,5898.416095305335,72.49018581169227,172.95067135
25,219.7994291817993,76.18051361794669,46.12432548073574,122.30483909868245,5997.58584273729,5848.486450040003,72.91887907931931,255.36518667
68,547.0922988942126,66.17258777827179,45.661351662220774,111.83393944049256,5705.573489680161,5557.933559283712,81.46734261815436,563.69491550
9,77.94217602670055,88.08691785505955,46.98692997628873,135.0738478313483,6223.663253316171,6058.457857171153,77.11847828993741,82.20718771
46,361.76339455568325,70.54326844482304,47.67962055675183,118.22288900157484,5974.272473200353,5826.305012790846,77.42419196466295,397.43102499
75,647.1352294454111,67.09911954674938,46.62246175769306,113.72158130444244,5749.956299304093,5607.790997545088,75.06618221223334,683.87527575
47,368.0596423902687,71.761771596235,45.85376940497255,117.61554100120756,6039.750931782009,5898.19152029091,69.79763989483786,379.61636665
16,171.74230322433795,82.29940500532769,46.49826688280274,128.79767188813042,6263.232976676396,6108.410309651969,72.52326201907539,179.77722465
48,371.4651698591706,73.48227222013166,45.97145044317919,119.45372266331086,6124.554230365555,5975.030707678385,76.04125046701216,435.58095391
32,280.3623397683645,76.64567297515568,47.00937896554371,123.6550519406994,6215.718845103868,6058.894822704429,80.17834942425401,294.55498208
18,176.50041447338972,80.32817800072594,48.81618064620214,129.14435864692808,6322.056958095138,6159.81108240764,81.91769768674547,184.98779893
24,212.76748169838203,81.56633876770346,46.91522361765832,128.4815623853618,6358.453631561229,6199.513571708808,77.37372108469029,228.68642018
28,251.68331020075607,80.622527727629,46.88041771006096,127.50294543768996,6332.040092991827,6178.267715816275,73.14984944789427,279.02747907
63,510.39680205724045,73.09513224636163,44.11455322580638,117.20968547216799,6075.777649110977,5934.251635265411,68.43088159918045,542.42896604
21,192.03004437392858,84.7616362991014,44.86798833923165,129.62962463833304,6409.714000535616,6249.924633544936,75.0277306915539,213.86708982
54,396.4429100366879,74.35342990613381,45.60733725756952,119.96076716370332,6215.400480598836,6068.306444500291,72.74060619239424,524.20684495
77,687.6931049537409,71.80035315715581,45.797324039037555,117.59767719619336,5933.116053932817,5791.682747364156,69.63295341148057,705.16378607
13,156.41433652324156,86.79074883147806,45.426367362854236,132.21711619433228,6471.269674190912,6314.304909195693,70.17401616371768,176.78706478
53,396.4341887178713,75.93355246174025,47.19082874111015,123.12438120285044,6243.1774370192015,6091.023788445326,76.22009611211291,436.65796834
20,189.7151457718829,82.98232637901357,47.04146235227463,130.0237887312882,6460.9505159326445,6298.501713435842,79.46647611776251,199.95261083
17,176.1529162393162,85.33159015876583,46.91986587799904,132.2514560367649,6482.3610440295415,6326.752179604301,70.27727426644876,180.20880254
29,258.1167945187358,80.00059060896527,46.003247474625645,126.00383808359092,6408.202960049532,6250.279887642649,77.92248179789402,272.70612966
10,90.53034392859793,96.53158499266156,45.03170843100769,141.56329342366925,6613.8673282556765,6443.391403549782,73.94433971320737,111.76232324
55,420.1259937609298,77.08331370611378,46.51326506150249,123.59657876761626,6294.472652419132,6138.994845392003,78.39449332099076,433.40654662
23,211.98277502559137,85.2244892288046,46.717204685204514,131.94169391400914,6524.152226252883,6363.781283043946,75.146453980106,228.01007902
41,332.439395497926,80.73598947584102,46.18636767679446,126.92235715263548,6446.8782200500455,6285.875629024684,80.26660154949565,342.66052441
22,205.02146046582678,86.3835303209804,46.850828241601,133.2343585625814,6584.904474764457,6418.302091271231,80.21885317222117,216.11524445
19,182.63515678963017,87.87262695217902,45.59031436342986,133.46294131560887,6608.943945895851,6446.362874909467,74.70844403417723,187.15929754
35,314.5460576780155,83.10176186482228,48.38728921067057,131.48905107549285,6504.844145810312,6343.532806300692,78.20957764477464,342.09656447
43,349.8504820569993,83.07946787750703,46.87590541417585,129.95537329168286,6477.843427994658,6319.99921334216,74.76474677496276,359.12351090
58,449.72954107899847,80.23017610571254,47.15623899346061,127.38641509917315,6386.280875288706,6233.301760878838,72.74893830412657,492.53318552
67,544.0316323101306,77.46417850145303,46.9214888034819,124.38566730493494,6316.934250942248,6160.983882402794,78.48619003797467,596.67376021
42,341.56667537333584,84.16733688841067,48.20114832023929,132.36848520864996,6525.614664491421,6369.935078150382,71.51224945259867,351.34531878
51,380.0233362166797,83.05677768221986,46.42885340444791,129.48563108666775,6496.102792884831,6336.697401840252,76.34861336233274,392.77849282
57,431.80068674435495,81.19439252578044,46.717500913001494,127.91189343878195,6459.4108830659625,6304.870505431797,73.34598510835679,587.03340617
38,323.8196528809102,85.13340277018933,47.85626422665306,132.9896669968424,6582.552981032777,6419.246085984723,78.17349227783507,352.75122568
12,132.80101171164432,96.6681007436137,45.80319105404062,142.47129179765432,6779.370568923685,6605.134027687424,77.56844049261804,147.94151736
30,268.89851967824507,86.61852395151571,45.78016170342412,132.39868565493984,6644.183959565831,6482.200203029735,75.36523258455117,275.74165269
49,374.27491521414174,83.90273078095562,47.52972212696795,131.4324529079236,6552.987455589046,6393.922405879382,75.16231892867751,495.75902530
83,736.1147040727469,77.35269747476809,47.267686195459554,124.62038367022767,6207.685036229379,6053.599332310767,76.73300644381595,922.86899929
78,688.5207677310001,80.5583640493783,46.78183571571465,127.34019976509296,6255.357575252177,6099.76767174054,75.03153946223279,765.59989763
31,269.6912034218285,90.16822774432472,46.886412938335305,137.05464068266008,6691.184913531781,6527.43517858344,73.58150720398584,283.32400781
36,316.26239841160634,88.10636820483279,47.0422783381894,135.1486465430222,6663.553094928785,6496.362188595619,79.08453812830328,325.45745902
27,247.34502422550833,89.52353621831101,46.4989323658958,136.02246858420682,6733.38440509143,6567.601334083654,76.25953478943558,297.22090094
50,377.4989984406717,86.7454663422585,46.36873592541956,133.11420226767805,6603.910621286184,6442.113994034844,75.0511609090521,415.69817283
39,325.90035348271044,88.51309207349591,46.41775652699141,134.93084860048734,6656.388740324262,6489.2601104440055,78.61553780672585,345.39106730
56,426.1957084056105,85.33974337568499,47.50644242958373,132.8461858052687,6558.1449685523585,6398.432239869734,74.37298530690532,454.06702932
76,652.735862253523,83.99444648853482,47.589358606999106,131.58380509553388,6347.080031880411,6192.921860896353,70.16372449549215,671.49757683
74,643.8153096497737,81.99375684852504,46.130516398126645,128.12427324665165,6362.886665479978,6208.618108663128,72.27479996829379,661.47321055
72,574.7515316237126,85.57932381452325,47.511838542024705,133.09116235654795,6442.2308499082565,6286.054591788108,70.59693430559355,593.39796035
66,540.0207287316624,85.14902470506138,45.91174058955132,131.06076529461268,6483.484306478545,6324.3480008299975,73.9872809434521,626.11140896
40,329.99063185089665,91.68760627005086,47.421485938789694,139.10909220884056,6694.337469381875,6534.300406209285,68.34945690251004,339.58716412
73,603.5552623844462,84.83463619042259,46.82552719181454,131.66016338223713,6432.554448857145,6269.835614220404,77.88419844628652,639.73669332
62,487.8619415410821,87.42774739341934,47.02205238397664,134.44979977739598,6565.621005760269,6399.832632232875,78.36062613394506,549.76232386
80,712.6367408276886,82.24583475453612,46.11359936203043,128.35943411656655,6343.616090708615,6186.142611333654,75.22764462039254,753.04780685
60,473.7771965837723,91.18958423473157,45.781052906228545,136.9706371409601,6602.66065690023,6437.5591500359,73.91192262956758,517.69402282
61,480.65817603790657,91.20822258301536,44.412876690842594,135.62109927385794,6598.9435894413955,6437.031118184671,70.70424867367637,575.15046509
52,392.8462832725039,93.2127227371638,46.217259653461404,139.42998239062518,6689.6021113837905,6516.549530329483,79.83985831711539,489.20137971
45,358.26439620313886,94.26988355107049,48.026476839237496,142.296360390308,6739.920472191029,6565.525534962045,80.12505367787804,419.38259272
70,561.0870416845582,88.7198488877558,47.226315750372954,135.94616463812872,6539.651261809824,6371.016841975465,79.91457094656835,578.71287029
44,357.2024336473914,94.01046904245604,46.97945443807459,140.9899234805306,6745.772120333091,6571.195088174237,80.56656311636397,391.30082476
65,535.8266655492821,90.86623994607085,45.9083182964603,136.77455824253116,6570.5135493607595,6401.721839254175,77.92547016048263,587.48240235
59,450.83258431277915,94.29790148598055,46.82856364165395,141.1264651276345,6655.879418135626,6483.796340299044,77.78517635056971,555.72368665
71,568.9175803680026,93.66012798037393,46.58410098256023,140.2442289629342,6545.968303708652,6379.936736314294,72.37143941395027,587.24449215
84,737.6591172534044,88.61062072117946,46.860668586181426,135.47128930736088,6378.087725027211,6213.868091658995,75.6090126470018,758.57451413
33,289.9976750829536,99.42133625289867,47.14876377731753,146.57010003021617,6827.53070526185,6649.448986177627,78.66038283129024,382.98658057
69,549.0085469860087,94.6925770240546,46.29099246033237,140.98356948438698,6580.560602724199,6406.088923080174,79.77910261993554,601.30845465
81,724.8371880991984,91.925235631305,48.470212132803454,140.39544776410844,6405.128218500535,6229.755241509789,83.44774135940406,870.46714565
64,513.9139355257521,97.43792231999608,45.397838867600385,142.83576118759646,6620.038986637279,6448.210729004129,74.39033531311486,580.34317041
82,731.4698528884446,95.96582573225878,45.15744345787506,141.12326919013384,6406.159444371675,6242.293514746072,67.9001038933036,771.85301366
79,691.8821955908812,96.96992692368373,47.256141153478936,144.22606807716267,6448.581513147949,6275.82804665675,75.78353956747662,749.16100411
37,321.81108482626917,110.30450433511301,48.001518751305625,158.30602308641863,6825.17120965917,6640.274301156597,74.59240416741773,370.11909215
