pid,arrival_time,cpu_bursts_time,io_bursts_time,bursts_time,tat,ready_wait_time,io_wait_time,response_time
5,15.810047548853026,77.36205159312571,47.01740059136282,124.37945218448854,5216.696828949656,5064.782936196119,74.5518411603956,16.68424202
11,42.915876269933946,73.05667533421246,45.96259069866427,119.01926603287671,5301.849156084237,5153.315822562395,75.47665818761182,46.55100368
9,31.18343400884465,75.17653147600974,45.32065819770684,120.49718967371658,5364.172322764281,5222.473658321443,66.52213296681187,32.82291809
6,18.25674095087358,79.6144246803829,46.50054611118945,126.11497079157235,5499.414138611582,5348.717556357063,71.08215757412351,30.89415926
8,27.39630256249834,77.49915426980108,45.28590484054604,122.78505911034713,5528.0927509441435,5369.635892197136,80.95770447718674,29.08990504
4,14.614373786757996,83.20318634362917,46.18836302311958,129.39154936674873,5659.130007233438,5500.440765496268,75.48605539352096,15.16582481
1,2.914446154202452,87.10487404982453,46.932754703201,134.03762875302553,5728.247825648046,5567.571310927056,73.57164067114337,3.31572340
10,38.44099425771386,79.9193062009225,45.40205351522042,125.3213597161429,5696.161654056059,5538.119331863885,78.12301599123298,42.90238831
0,1.5787010174605782,89.82475049761756,46.288839340937095,136.11358983855467,5741.798442230585,5570.766775366204,81.20691636674118,1.57870102
15,94.31913844582846,76.6022872169135,45.791480816083386,122.39376803299692,5685.968001274508,5539.2015092765205,70.16420478105911,101.77511720
13,64.75848943550278,77.21922445587029,45.96245111145164,123.18167556732193,5717.83312177862,5567.457724159528,73.15617316320572,67.82171413
12,61.09209101449976,80.19819905520693,46.63627978506215,126.83447884026907,5778.3704950887295,5624.884378316517,73.28791771698504,66.97093472
3,12.980853772298348,87.31826890011887,47.69440855708975,135.0126774572086,5963.03126366707,5793.485190830554,82.2278039363737,14.17124270
58,494.2651169489484,60.52336905963165,47.90564742022181,108.42901647985347,5504.618411358009,5362.388370779715,81.70667151864393,523.74740462
29,225.3586127672748,71.9159676265434,46.15070792937365,118.06667555591704,5779.758927078761,5632.3799875393015,75.4629719128958,247.18839109
7,23.755884588737935,87.68771215456746,45.61448945054149,133.30220160510896,6049.763303278109,5884.002225532431,78.07336559108637,28.65749149
14,93.16238247374645,81.42078931752317,46.17731819100991,127.59810750853306,6028.690910704694,5865.48641009424,81.78371129290987,106.86023487
33,274.9349784631133,70.9793171406727,45.64187185789648,116.62118899856918,5855.856782856809,5711.987310752333,72.89015496378232,307.17220162
56,481.61698420577017,65.30315682626562,46.869474279322944,112.17263110558855,5668.228375411941,5524.663086782604,78.2621318030541,510.22252985
2,4.136305545943971,94.46183775319474,46.40851654095878,140.87035429415354,6156.533815835979,5986.758617129025,75.31336095373538,4.64392748
18,122.93025446096748,79.63088959717724,46.58692831078088,126.21781790795812,6047.574278831341,5894.018074322047,73.92531491209462,130.79707440
19,133.6919789352565,78.23658607814833,47.09666291950445,125.33324899765279,6055.645311921958,5901.643545101613,75.76518074217452,137.27634704
20,145.29842597963074,78.26682929669913,46.37199643659131,124.63882573329043,6070.762687720392,5919.955058768844,72.54079965482742,159.44828525
23,207.47962449882493,75.07391884745665,47.13017630971674,122.20409515717338,6028.062807817811,5870.900777255786,82.08811171454636,212.74787484
36,304.0442671649909,74.294839698492,47.376113093361006,121.670952791853,6000.33846953348,5850.46648961376,75.57714022120547,312.37433121
28,225.18361655041318,76.47577459364304,46.778645597833304,123.25442019147634,6099.420989827921,5946.490060605623,76.45515462863048,232.20587213
26,218.4485599808598,77.2330805784485,47.23221358995008,124.46529416839856,6111.807768813561,5958.685811628881,75.8888766062064,223.42010899
34,283.6427648259805,73.29992903801033,46.32039885125696,119.62032788926729,6091.211737755112,5938.8042231979525,79.10758551912534,300.03621339
38,310.9753729657541,74.48360438324477,46.18151792583961,120.66512230908438,6119.86766635859,5964.1676350315,81.21642694382541,320.59015352
24,207.58560306227074,79.20932193222107,47.17029910128403,126.37962103350507,6229.103061001967,6068.29165326878,81.60208580094593,212.96241884
25,217.41198264733785,83.7074782712134,47.53089518558858,131.238373456802,6285.170352017111,6130.454183152763,71.00869059311444,222.39850378
21,176.0020831416405,84.54278540227067,47.11982882277266,131.6626142250433,6359.895588173279,6193.4795695110615,81.87323325992145,180.99242801
30,230.03576020437671,80.45323689343148,46.349031835646166,126.80226872907762,6306.640329995355,6148.621583041081,77.56551006081904,245.12803951
60,519.0935188950235,72.27389553815313,46.02275705734395,118.29665259549708,6020.384213193154,5871.070572456952,77.03974519802739,547.73978227
17,120.81895883108325,87.76834836919166,46.16799250636766,133.9363408755593,6426.784940961892,6265.0692184288255,73.94737416384672,129.32795658
32,254.43029563040943,79.40464091859747,47.23023524495572,126.63487616355317,6294.907047162613,6135.790273201055,79.71213304293548,284.50389261
54,476.092762617637,75.39832367396076,46.387152070010536,121.78547574397129,6113.69346159346,5959.887669257657,78.4074686618186,546.54246051
41,359.7817638496311,79.19319201491584,47.077495738420254,126.27068775333608,6234.009621156085,6071.626999974572,83.1894291665717,370.43706435
22,189.34558621390823,83.71411598135953,46.45292147685676,130.16703745821627,6407.873014323227,6242.743544386212,81.41535395562741,194.26930278
27,219.9572899793971,83.13233132506261,45.7322018826967,128.8645332077593,6378.717554473184,6216.6872443352895,78.89797881280421,225.38557966
16,97.27980588174302,91.62233360842866,46.193011162831986,137.81534477126064,6543.600685775413,6378.074310675373,73.90404149158142,101.02079688
75,621.1695553530407,72.60094676536093,47.12739180191526,119.72833856727618,6050.231352423095,5895.686859799972,81.94354585773942,657.77209008
66,567.5369659214463,78.17575375316297,45.536978930211035,123.71273268337401,6204.450799477426,6050.8739796617065,75.40106606252823,655.67715320
84,701.6350292655377,74.20962056898193,47.185401026862834,121.39502159584477,6073.957615591017,5921.83118787516,77.91680714684492,723.30753915
68,570.0657849418121,79.38577812154188,47.27097104785039,126.65674916939226,6210.674168838721,6053.202725455768,78.0856652613802,586.64285945
67,568.1677764035591,76.64289674429747,47.267665847486924,123.91056259178441,6217.697496567438,6063.164735078294,77.8898647448217,583.64472320
44,400.4717264078312,81.64158326965907,46.94834397592677,128.5899272455858,6410.495251057163,6248.36892650307,80.4847412844046,457.79962549
65,558.8403194251784,78.84775829242544,47.80354272170855,126.65130101413402,6254.1632288722385,6099.448549360628,75.86692121916019,625.96416576
49,428.1854961543995,84.23734831252175,46.641563391711706,130.87891170423347,6433.49650325068,6269.386225560361,79.87292937776749,452.50848256
73,596.0618049673016,79.18863448261355,47.86652606807489,127.05516055068843,6268.615899504981,6112.295943530791,77.13132149154944,632.49484362
80,656.3404927507423,79.56636154246566,47.61143601286684,127.17779755533249,6210.662752360369,6059.405883263925,71.6905075539471,735.98163276
76,634.1559695098348,80.05862028533296,45.30923713202231,125.36785741735527,6245.862360541402,6097.336000874646,68.46773938139631,774.28346819
72,591.9980489424543,81.52216381323498,46.203245310623366,127.72540912385837,6295.350638841878,6143.425021167537,70.4034538610814,628.34514978
81,685.3542859940139,78.9515326651387,46.861564364684554,125.81309702982324,6203.377184923094,6047.141884128247,77.2837681296786,829.96393897
51,439.45432965332134,85.80256488547928,46.80253079618138,132.60509568166066,6465.1133354690555,6300.589957366885,78.72081321666394,463.98804615
42,377.13117788217704,87.27694925081788,47.248743734216745,134.52569298503462,6533.201795468549,6374.04698995311,71.87785626459117,397.36687452
77,636.6091254948226,81.02504215325041,45.140851070106734,126.16589322335713,6281.975034420678,6130.450191261919,70.49980100547896,674.00827908
31,252.6407864703267,92.09617469252815,47.94278354797359,140.0389582405017,6669.671323785494,6495.4493161559085,82.12583293702619,259.64751024
53,452.5179313110297,84.03330200053966,47.4812777919481,131.51457979248778,6475.127382636676,6315.420139776386,75.67394085972137,465.29157402
47,415.1166063663982,85.5068672610162,46.82220239219953,132.3290696532157,6514.300481200822,6345.266456846853,83.52715709292187,426.46189881
43,397.1886449097216,87.74599587158087,46.16906845088514,133.915064322466,6539.072322101095,6376.353893284194,74.97243294529397,417.48358894
46,410.847817346396,86.68791142122299,47.322983574607264,134.01089499583026,6525.971618169143,6359.367078268402,79.91662847948783,526.94117876
69,573.5462068876744,83.6226296857594,46.284555437372745,129.90718512313214,6363.613384663306,6200.9367712962785,79.05398368123883,625.69181751
48,419.6808813315707,86.59656327846616,45.48783875742156,132.08440203588773,6517.751226030763,6348.221657925825,82.93300482644003,431.15630988
40,357.9845374907869,87.05350849531075,48.1841189569805,135.2376274522913,6587.126630943243,6420.893908841688,79.1792136062129,368.42672714
39,355.7216720792666,89.53929264918683,46.52855163436452,136.06784428355132,6609.105431553263,6439.479866429199,80.08627247484696,564.71353324
63,546.4415172488572,87.22326111641878,46.65266331101579,133.87592442743457,6421.130428020709,6257.300144085453,76.60702281879821,577.92341489
57,492.0860438578738,88.22821719175786,45.20424484669895,133.43246203845683,6480.536140275314,6319.823742263311,72.48418082021578,689.50317405
83,697.5105207790982,82.66389272757658,47.499702850745756,130.16359557832234,6275.192436648784,6111.027162503412,81.5013814177629,718.90616580
61,527.6982299234488,86.82014722265873,48.047004190090675,134.8671514127494,6459.749407441235,6292.686808376457,80.24245184209008,588.88376662
55,477.168726715797,89.64443441300737,46.58357481101077,136.22800922401817,6516.377415346057,6354.900657436162,71.83232349685284,533.11321755
71,590.8362777003093,88.34372136730721,47.13065043195739,135.4743717992646,6403.433669567153,6241.72916445577,73.36078374404474,680.31955532
52,444.59898613934456,89.5246593363936,45.629111722436335,135.15377105882993,6552.8595303355005,6388.480560072436,74.85431092663794,540.95684142
59,500.5150225755335,89.3275218702578,48.09615585977545,137.42367773003323,6499.527168411686,6332.928665074204,77.27098146718902,515.91672102
64,546.5284660588152,88.01918165999444,44.736548093715626,132.7557297537101,6455.24463799822,6298.433505486292,68.79195085190565,613.06725283
78,636.8866541640058,87.58410403303792,46.709771998510256,134.29387603154817,6367.402210380065,6199.209578832121,80.6085275148738,674.37422562
37,306.46708142375667,96.14073354244144,46.600765488264656,142.74149903070608,6697.931638256001,6515.956327132348,85.83457758117657,324.56968410
70,581.1666925686754,88.8646495000295,47.27680969298734,136.14145919301683,6427.586577918637,6263.242397373387,75.47953104518854,598.58966296
35,292.2908729672133,98.21447939288444,46.98312378357706,145.19760317646148,6724.708494774668,6550.443098305012,76.05091707673728,336.04763008
82,694.1976250357546,89.0471397131473,47.56539420258522,136.6125339157325,6327.375206838427,6160.493298889422,77.83476823582157,715.09451453
74,614.3575124341806,92.79165126781463,47.17566414759577,139.9673154154104,6417.270154735597,6242.430950503703,82.04755296404358,631.57494480
79,639.1190914179584,92.38412271690918,46.483834659700456,138.86795737660964,6393.506840687326,6230.956086826188,70.16663114419623,781.26478059
45,410.82473901078794,98.0973308184547,45.38793623528227,143.48526705373695,6624.487221824886,6443.125005994746,83.26488501164971,433.05869565
62,544.9803682942531,96.35324412426907,47.78848850658816,144.1417326308572,6490.651776033745,6322.0897801228375,72.20875178659946,628.83774604
50,430.4312657442416,98.96456951470606,46.22280687307246,145.18737638777853,6605.752671370925,6430.9008595567875,75.88724229939271,510.26348736
