pid,arrival_time,cpu_bursts_time,io_bursts_time,bursts_time,tat,ready_wait_time,io_wait_time,response_time
0,6.867744622052211,78.55775813650506,45.950542861498484,124.50830099800355,4309.698348188347,4151.2468609135685,79.89372913827319,6.86774462
1,10.111817939818616,70.1956571817181,45.48063481019974,115.67629199191786,4531.84743259557,4382.17723243319,79.47454298066397,10.96518707
2,12.7349319852423,74.85978873706293,46.0019186400267,120.86170737708963,4598.240420102618,4439.010941486614,84.3696898789423,13.97905429
3,22.24418944583985,88.27268406638483,47.328118085647155,135.60080215203197,4851.806178411724,4677.590673653994,85.94282069134226,24.35310366
4,31.69770946560905,77.03437375004377,47.2340387310431,124.26841248108686,5089.985594023763,4931.487250801954,81.46396947176444,32.42650166
7,69.4315020195159,85.69277355145829,45.97076718454036,131.66354073599865,5563.225138288274,5401.953838976222,75.5785257605957,72.35071126
5,59.68985958728688,80.35044004822184,47.0291505616442,127.37959060986603,5582.469603693765,5418.057607827073,84.06155581847048,62.24553547
6,64.61267938220865,80.95634476356412,47.47734470048566,128.43368946404976,5588.995185642589,5429.339196028747,78.69964485027825,68.56345199
9,73.70840638687757,77.84367193248328,47.0013982066312,124.84507013911448,5615.325958081448,5455.274503897514,82.2077822514519,77.51680552
8,72.84667036361222,82.22687319533878,47.84790632947011,130.0747795248089,5719.35061200903,5556.580960977632,80.54277783606105,76.34269230
10,85.93948073797144,76.45582658758357,47.25686487617479,123.71269146375838,5714.879969766144,5555.854214873797,82.56992830476354,90.35117693
11,87.00952460612191,85.17817234629837,45.94796304900015,131.12613539529855,5771.161074680855,5605.6201984963855,80.36270383817077,90.40188674
12,94.24710471747393,83.07124000756089,45.79778817737677,128.86902818493766,5839.647552010418,5681.388811389808,75.18750061304645,98.75760593
14,109.3405765468504,76.94349657485921,44.6551974066784,121.59869398153764,5892.110738813841,5736.763850422859,78.40339181612225,122.58123517
13,104.1031485127556,77.9302049241226,47.235699723310525,125.16590464743314,5914.840793629026,5760.684586653132,76.22600205177245,113.48747631
16,124.09162238003786,72.6579543434092,46.39613827067188,119.05409261408109,5922.8220337191215,5768.270428589248,81.8936507864675,136.05871919
15,111.33753506475063,81.3742484214821,46.36099683608174,127.73524525756383,5942.04424028135,5784.770065970317,75.89992588955035,123.77367204
17,146.96126853540395,75.82105863462164,46.21533456741646,122.03639320203811,5996.005443476784,5840.479157040564,79.7052278015999,158.92382304
18,155.2985682536465,79.6215387735524,46.669641807263666,126.29118058081608,6007.450827612794,5851.150487521715,76.67880131752796,162.96613987
19,160.06280695593318,86.77336080427143,46.92391625095586,133.69727705522726,6032.653362855045,5866.768016861061,79.11198518970755,170.54385936
20,167.55949049823042,72.72767257578215,46.67291722330476,119.4005897990869,6070.828247621849,5912.738243081717,85.36233196435225,180.12062984
23,187.46574272475934,76.15962318622766,46.10056222102032,122.26018540724799,6068.3066303349415,5909.75285906061,82.39414808810403,204.48708668
30,221.574152575313,82.86861584881598,45.54926065908902,128.41787650790502,6065.332598710951,5903.311014774716,79.15296808741797,233.53963721
21,174.05962405253138,82.12985955183626,46.64600296392263,128.7758625157589,6115.457740465216,5952.580792202195,80.74708871118608,182.47812314
22,184.9379819881274,78.45329143973096,46.70948156047433,125.1627730002053,6160.6159705587625,6002.562323345627,79.6003557734073,202.33719414
24,187.85443558277893,90.83854201829473,46.704989053661315,137.54353107195604,6160.862355735362,5987.301308200261,82.7225055168064,204.83036866
25,194.13528815962462,90.49392474187421,47.66991623233314,138.16384097420735,6166.283537714713,5997.204629675069,78.58498329776944,212.25496662
29,214.1941861088626,87.24334956565819,46.86645520442203,134.1098047700802,6147.103244261842,5988.480086668078,71.379808028105,231.37667560
27,212.09706468428652,82.32810917425947,47.427952568205946,129.75606174246542,6186.824819141919,6025.804337567766,78.69237239989388,229.47657625
32,253.60044898135632,73.69703211527019,47.087794535233336,120.78482665050352,6164.071745487955,6012.388166062434,77.98654731025022,277.59165750
26,205.33395346898365,65.0274038019673,46.597057009631875,111.62446081159919,6218.685300444327,6071.4750663016375,82.18283034072044,225.58876106
28,212.113653024401,90.20439016444607,47.18357277046689,137.38796293491296,6225.384442136322,6058.396399038581,76.78365293329634,229.68659387
31,248.7682226109529,86.75016499889999,47.498492476540456,134.24865747544044,6191.744217330495,6026.008467663073,78.98558466851978,267.14160433
33,275.73382127990203,85.422090440046,45.6433995889615,131.06549002900752,6171.8126348094,6006.597484853338,79.79305951601941,292.95888800
35,304.4682052423288,68.597572036547,45.685163671254436,114.28273570780145,6182.826336065747,6034.026258082496,80.20250594670637,324.73021957
36,334.6270943425049,80.46436316203133,45.67100439087713,126.13536755290845,6169.380679515614,6008.605996260464,80.3103200931173,358.53293378
34,293.79497418959176,79.39791860366648,47.92329711564759,127.32121571931407,6287.956314668906,6126.619003620801,81.93939244443823,315.02889809
37,339.38431442816477,89.99710328248726,46.52385836432929,136.52096164681657,6264.540159984207,6101.351192988545,73.191863713173,361.83845112
38,364.68920358282793,70.4508783441328,46.45010061943456,116.90097896356734,6249.997593170281,6099.316121653845,80.23059317230275,386.06613657
40,426.0942885268919,82.31125687284575,45.04195310597978,127.35320997882553,6257.715823437802,6091.04232512489,84.36224144006485,448.00139128
41,428.13036056167795,77.75137844733842,46.93976107558056,124.69113952291897,6255.97036602508,6099.284146993299,78.93484058444096,451.12845251
39,405.1848624071964,71.45520771316292,47.888659913234,119.3438676263969,6289.454033357282,6133.354421102074,84.64440454204436,431.16407479
44,465.84105960327673,83.37783942443477,45.37330597752619,128.75114540196097,6238.886856952582,6076.246495383892,79.26252214425563,490.60884856
42,450.1917309361497,76.16106913744328,46.75277856907868,122.91384770652195,6263.569001871754,6103.090183423779,84.31774931053315,473.11497084
46,483.2613569799862,76.54568276526214,45.177258496188735,121.7229412614509,6245.024477861954,6093.342357601064,75.13643749562652,512.46561108
48,501.7746290161904,72.04847294529776,46.42334484989686,118.4718177951946,6237.680782596201,6087.694643638375,77.93766601252628,531.12600709
52,527.1186172976171,78.02527935791336,46.48489398657747,124.51017334449085,6237.171778643007,6080.854743960914,78.29175532417855,562.55954852
43,452.91761990024537,100.5619278067333,47.675391395563665,148.237319202297,6323.244691573764,6147.840632426234,74.84213134079295,478.02172527
45,480.8718908454746,80.42283045683239,46.61875609784554,127.04158655467795,6299.195624182952,6144.29796954881,74.47482417731078,511.22230191
50,515.7539746862841,77.4262544396213,45.80964759564892,123.23590203527023,6270.671842100797,6114.725266075673,78.52032158549832,549.30473408
47,486.44178743187655,76.87559456049368,47.93400782762385,124.80960238811753,6300.5950237788875,6143.790316695111,79.92911252328474,518.83897899
53,542.6047496177687,91.33467441612662,45.718752368040555,137.0534267841672,6258.607509431974,6099.756366624123,67.51646839172452,585.66997035
54,543.7590082268551,94.96692142555264,46.17859574669197,141.14551717224458,6259.218336911628,6089.993456147566,74.25795933850975,588.70433768
51,522.1957777391901,76.92108897859514,47.39779880100524,124.31888777960036,6283.427147879872,6128.544107546691,77.96195135458288,558.53844931
55,565.003844242338,76.72193486835728,46.329627743050594,123.05156261140787,6244.612348923163,6091.828968710237,76.06144534456678,603.24317950
56,573.4776328250825,75.00056984388567,45.48692866849499,120.48749851238065,6239.246284015195,6089.5401586332455,74.70555553806628,613.66979603
49,504.3025177935763,96.48408821798712,48.4146818543576,144.89877007234475,6311.773358674104,6134.154931216823,81.1343392392904,532.11845840
58,588.8596629473847,81.57086943330789,45.491258723979584,127.0621281572875,6233.554172422277,6077.052851409653,74.93045157931624,625.05410990
62,629.0214264657044,71.87209696422701,46.126551308264425,117.99864827249144,6194.1938706769,6048.321609231363,74.00016448131021,673.65327960
67,674.7619436235839,83.86380389092447,45.53812119435421,129.40192508527872,6149.903118865556,5989.016563011228,77.02275196340395,722.15578211
59,599.1787194380388,82.4772379881187,46.783484201150685,129.2607221892694,6226.65978769213,6064.360640729893,79.82190897411851,641.95526210
60,600.3043779959039,79.97111624257471,47.06228940936255,127.03340565193729,6227.021798538208,6064.363697574699,82.6869847209382,645.79275351
61,606.5470776143659,92.56073543568158,47.4744123055771,140.03514774125867,6223.26095825489,6055.148752589323,75.55147022988626,651.71229769
57,574.609706065997,73.57511873656169,46.364954627221536,119.94007336378324,6256.259536002695,6106.085535058124,76.59888220800974,613.73983496
64,644.5262857789493,76.74186869800722,46.397943974284786,123.13981267229201,6193.982811516589,6037.280664707983,79.96027811059832,685.74953727
65,647.1522328465364,90.24511124165963,48.176481126108214,138.42159236776786,6194.133113134034,6029.009156015405,74.87884587696783,688.75318831
66,659.5957626236267,84.34812513459096,46.50686496606682,130.85499010065774,6185.308812329538,6023.306451928049,77.6542352668996,707.52115840
69,710.4333320984733,59.12644400740224,45.918487347439324,105.04493135484157,6135.220771859658,5997.793445474618,78.30088237763869,751.35814559
63,629.7283962431937,82.41127118129138,45.728470400698725,128.1397415819901,6226.908985178686,6066.473405367746,78.02430862964786,673.89595469
72,738.4368863046991,81.30341814602761,46.215352922836054,127.51877106886367,6125.322725314658,5966.0960441505595,77.92326301807452,786.33967046
73,747.5010897475015,75.66791912204087,46.80590240617738,122.47382152821827,6126.991111911359,5973.10842682478,78.21476596453965,796.11094439
79,799.7730530912752,75.09517964980301,45.592435923217955,120.68761557302099,6075.030549538565,5921.985271126722,77.95009876204085,852.99947688
70,712.7222583198493,79.83607980111421,47.11361106431614,126.94969086543037,6165.33873665644,6007.7155614269395,77.78709542838465,752.54277761
75,768.2039039553995,92.52612594113603,47.27981832066756,139.80594426180357,6112.7158387942045,5948.157379510026,72.03233334304059,815.55931573
76,772.9440208013557,103.4322230922561,46.86382518156423,150.29604827382033,6114.34909178482,5941.20870049711,69.70816819545678,817.71458286
68,683.4496584030123,77.25069083850143,46.88866932424715,124.13936016274859,6204.43849526265,6050.072584740398,77.1152196837536,730.58457582
77,785.2960287979548,79.52001183414755,47.14287777553175,126.66288960967928,6102.740276861701,5944.040231936491,79.18003309106768,834.66639121
71,738.2411210387097,93.08377295781922,46.4644889830858,139.54826194090504,6150.560409413177,5979.385884389705,78.09075206565103,785.33022493
80,802.8283475347781,82.8029152606652,45.98461165122161,128.78752691188686,6089.235421819676,5933.884994863572,72.54751169543988,857.81259597
82,811.7811710096074,82.34787598260132,45.88841327021841,128.23628925281974,6081.0135034084715,5924.709438167178,73.95618925869223,868.00145140
74,768.169097413039,83.11105991609462,46.21355134158863,129.32461125768324,6126.174672709978,5971.0740532752325,71.98955951865003,815.26570039
83,813.8472361692994,85.85067669110725,47.520835528019624,133.37151221912688,6082.468554905276,5920.596842258313,76.02103595585811,869.77410919
84,815.6434541045725,87.65796674712988,45.2579188829174,132.91588563004728,6083.047133110859,5920.141814117687,75.24735224604524,870.40832897
78,796.9419528392456,87.32397093866804,47.48953295690896,134.81350389557699,6101.8443274144865,5937.346100054581,77.17425642123771,847.64120955
81,808.0983626951,73.90917029510177,46.933856264687634,120.84302655978942,6091.036780836688,5935.408411327613,81.7191992139733,865.06377746
