pid,arrival_time,cpu_bursts_time,io_bursts_time,bursts_time,tat,ready_wait_time,io_wait_time,response_time
1,10.111817939818616,70.1956571817181,45.48063481019974,115.67629199191786,3978.5185332482665,3826.384864527085,81.93801153945738,13.22043945
0,6.867744622052211,78.55775813650506,45.950542861498484,124.50830099800355,4329.098118078044,4165.46088209888,85.07947784264779,6.86774462
2,12.7349319852423,74.85978873706293,46.0019186400267,120.86170737708963,4462.225560027303,4301.912341552916,85.45342973731275,14.81526934
4,31.69770946560905,77.03437375004377,47.2340387310431,124.26841248108686,4902.374633285419,4738.572722138444,86.7675373969182,31.89179235
16,124.09162238003786,72.6579543434092,46.39613827067188,119.05409261408109,5363.261196143162,5206.362048391436,84.24119340830234,131.31885109
3,22.24418944583985,88.27268406638483,47.328118085647155,135.60080215203197,5467.804567634704,5297.847321413024,81.68456215527594,24.80818946
5,59.68985958728688,80.35044004822184,47.0291505616442,127.37959060986603,5447.011005853903,5284.311309723882,82.34925608178294,63.44274657
26,205.33395346898365,65.0274038019673,46.597057009631875,111.62446081159919,5329.94672654653,5187.3797680527005,77.53955469184638,216.96677703
10,85.93948073797144,76.45582658758357,47.25686487617479,123.71269146375838,5462.99721482045,5301.047813064559,85.49357516828836,87.57185828
6,64.61267938220865,80.95634476356412,47.47734470048566,128.43368946404976,5570.626801455145,5408.044595425826,81.62586126573936,71.14749029
9,73.70840638687757,77.84367193248328,47.0013982066312,124.84507013911448,5595.497849735175,5436.895858093602,80.75831970907274,81.88291789
20,167.55949049823042,72.72767257578215,46.67291722330476,119.4005897990869,5615.53745584544,5464.487502702529,78.32228056711028,171.27024671
14,109.3405765468504,76.94349657485921,44.6551974066784,121.59869398153764,5682.683989323691,5538.387207427111,67.35328532170277,119.60657343
17,146.96126853540395,75.82105863462164,46.21533456741646,122.03639320203811,5671.468544201972,5508.455470168093,87.1920153992397,167.62819369
8,72.84667036361222,82.22687319533878,47.84790632947011,130.0747795248089,5820.838797475125,5661.912679928325,76.69924435143955,76.59262696
13,104.1031485127556,77.9302049241226,47.235699723310525,125.16590464743314,5816.793446382383,5658.176190909893,80.6870505483507,106.26379668
35,304.4682052423288,68.597572036547,45.685163671254436,114.28273570780145,5645.813285472629,5497.9032947709775,79.31241866508554,354.50397410
69,710.4333320984733,59.12644400740224,45.918487347439324,105.04493135484157,5275.788630559022,5139.396310683697,77.26587586790333,760.13313794
23,187.46574272475934,76.15962318622766,46.10056222102032,122.26018540724799,5804.3322903905955,5649.5898065729225,78.58286063142384,197.88890427
12,94.24710471747393,83.07124000756089,45.79778817737677,128.86902818493766,5899.259849922908,5733.8590034804165,82.32960643491069,99.27069733
32,253.60044898135632,73.69703211527019,47.087794535233336,120.78482665050352,5752.04601972899,5603.8561486136105,74.49283900008908,261.20710201
7,69.4315020195159,85.69277355145829,45.97076718454036,131.66354073599865,5952.643409039399,5787.219500905407,79.73113458251386,73.87372917
22,184.9379819881274,78.45329143973096,46.70948156047433,125.1627730002053,5905.864839427125,5749.130687083196,78.28086090418068,200.78663749
38,364.68920358282793,70.4508783441328,46.45010061943456,116.90097896356734,5742.696556836518,5591.396848717818,80.84882977454316,372.99039629
15,111.33753506475063,81.3742484214821,46.36099683608174,127.73524525756383,6004.949106139726,5851.619397223751,71.95546049447162,129.98049910
18,155.2985682536465,79.6215387735524,46.669641807263666,126.29118058081608,5998.173789821882,5837.513517617232,81.0387334310781,159.65376019
11,87.00952460612191,85.17817234629837,45.94796304900015,131.12613539529855,6082.111447986783,5919.801459165227,77.13181647523137,92.19187770
39,405.1848624071964,71.45520771316292,47.888659913234,119.3438676263969,5778.887428800887,5629.757224782214,77.67499630549173,414.04179831
21,174.05962405253138,82.12985955183626,46.64600296392263,128.7758625157589,6138.681890911812,5973.689453635517,82.86257772443551,179.33697046
27,212.09706468428652,82.32810917425947,47.427952568205946,129.75606174246542,6132.977310305731,5969.152608007303,81.49659312414465,218.22009077
48,501.7746290161904,72.04847294529776,46.42334484989686,118.4718177951946,5868.524022107484,5724.430141896165,72.04540726599771,524.75445742
19,160.06280695593318,86.77336080427143,46.92391625095586,133.69727705522726,6288.951819697289,6119.872643159047,82.30581573394457,164.70909931
30,221.574152575313,82.86861584881598,45.54926065908902,128.41787650790502,6232.4712987221765,6069.318939699167,80.28374317416896,236.10365245
34,293.79497418959176,79.39791860366648,47.92329711564759,127.32121571931407,6162.535641119999,6001.3678141747005,81.7699083416112,307.98652084
57,574.609706065997,73.57511873656169,46.364954627221536,119.94007336378324,5904.985593247149,5751.094022174356,80.31645233620964,601.19179117
41,428.13036056167795,77.75137844733842,46.93976107558056,124.69113952291897,6067.788390217355,5905.856968040231,84.18004372976435,446.69546266
36,334.6270943425049,80.46436316203133,45.67100439087713,126.13536755290845,6163.025470810894,6006.526159019662,76.0349486291758,360.64395639
42,450.1917309361497,76.16106913744328,46.75277856907868,122.91384770652195,6054.720643835305,5901.047889489974,77.51168520786382,527.19901774
62,629.0214264657044,71.87209696422701,46.126551308264425,117.99864827249144,5903.204599204724,5756.906560131726,74.42594210874358,642.98396878
29,214.1941861088626,87.24334956565819,46.86645520442203,134.1098047700802,6340.273854031379,6179.74814069235,73.28236377334497,234.87682437
47,486.44178743187655,76.87559456049368,47.93400782762385,124.80960238811753,6070.027773461703,5910.44845374163,82.70372515955353,530.99007719
51,522.1957777391901,76.92108897859514,47.39779880100524,124.31888777960036,6046.863384961427,5893.557307680341,76.38498830246533,546.46842827
46,483.2613569799862,76.54568276526214,45.177258496188735,121.7229412614509,6087.671408772063,5936.721371464396,74.40435454237911,516.68882029
31,248.7682226109529,86.75016499889999,47.498492476540456,134.24865747544044,6336.7150341113465,6168.987694884624,80.97717422779377,255.14196387
56,573.4776328250825,75.00056984388567,45.48692866849499,120.48749851238065,6024.088335810993,5869.880711933469,79.20705403361512,587.20410617
33,275.73382127990203,85.422090440046,45.6433995889615,131.06549002900752,6325.036637250636,6162.685616062665,76.92893074789771,291.41424691
50,515.7539746862841,77.4262544396213,45.80964759564892,123.23590203527023,6086.4556948818745,5930.6352296561445,78.39421078607859,527.89599065
55,565.003844242338,76.72193486835728,46.329627743050594,123.05156261140787,6037.805608344652,5881.65788509476,79.4257883815128,605.34481326
52,527.1186172976171,78.02527935791336,46.48489398657747,124.51017334449085,6092.818825636328,5941.595066835207,73.19847944317769,578.54088862
28,212.113653024401,90.20439016444607,47.18357277046689,137.38796293491296,6407.922449776374,6238.155976884258,79.56208272764269,232.46712458
45,480.8718908454746,80.42283045683239,46.61875609784554,127.04158655467795,6170.366568291859,6008.486827601993,81.45691023300924,502.29150392
25,194.13528815962462,90.49392474187421,47.66991623233314,138.16384097420735,6459.1306270991645,6279.452364270593,89.18433808666776,211.68857106
40,426.0942885268919,82.31125687284575,45.04195310597978,127.35320997882553,6239.480121190083,6075.595635370771,81.57322894644113,434.71294968
64,644.5262857789493,76.74186869800722,46.397943974284786,123.13981267229201,6021.246902955494,5862.689831757103,81.81520250035373,692.09278761
73,747.5010897475015,75.66791912204087,46.80590240617738,122.47382152821827,5937.162551083152,5786.879728081323,74.61490387976414,842.96009988
24,187.85443558277893,90.83854201829473,46.704989053661315,137.54353107195604,6499.292034814923,6325.607909309957,82.84558348664297,192.85511435
79,799.7730530912752,75.09517964980301,45.592435923217955,120.68761557302099,5898.646337547632,5748.152859902419,75.39829799538563,879.75807474
81,808.0983626951,73.90917029510177,46.933856264687634,120.84302655978942,5897.406500396258,5743.244233192357,80.25309690876975,948.78322492
68,683.4496584030123,77.25069083850143,46.88866932424715,124.13936016274859,6028.137302094692,5866.107860263619,84.77875099254868,732.04400596
44,465.84105960327673,83.37783942443477,45.37330597752619,128.75114540196097,6249.322811798245,6088.97285149765,76.97212087613104,625.74280052
70,712.7222583198493,79.83607980111421,47.11361106431614,126.94969086543037,6005.949581927815,5847.20388032908,78.90962179759549,744.86717215
58,588.8596629473847,81.57086943330789,45.491258723979584,127.0621281572875,6142.408447496079,5988.554015424529,72.28356263821377,676.03306522
60,600.3043779959039,79.97111624257471,47.06228940936255,127.03340565193729,6144.717545898226,5986.712632127452,78.03379752816795,628.03906460
37,339.38431442816477,89.99710328248726,46.52385836432929,136.52096164681657,6418.843812553615,6250.401455413516,78.44525385757788,364.68953826
63,629.7283962431937,82.41127118129138,45.728470400698725,128.1397415819901,6137.326443143643,5979.6448058234,75.27036613892017,643.35256879
59,599.1787194380388,82.4772379881187,46.783484201150685,129.2607221892694,6171.037861515907,6011.531364785579,77.0292587421826,686.66523579
77,785.2960287979548,79.52001183414755,47.14287777553175,126.66288960967928,5998.848941136962,5841.883253653861,77.44567564892225,804.29777786
66,659.5957626236267,84.34812513459096,46.50686496606682,130.85499010065774,6134.0293813999215,5975.804360651531,73.87689561377294,739.55959659
72,738.4368863046991,81.30341814602761,46.215352922836054,127.51877106886367,6063.3215017434895,5901.3724120073375,80.64567159009675,772.28015560
80,802.8283475347781,82.8029152606652,45.98461165122161,128.78752691188686,6007.539362480982,5850.626332809112,74.11011441117648,864.19560130
67,674.7619436235839,83.86380389092447,45.53812119435421,129.40192508527872,6137.819449740544,5983.363723202763,70.59192264682531,690.72923106
82,811.7811710096074,82.34787598260132,45.88841327021841,128.23628925281974,6002.868516555325,5841.880130644775,78.64050992791886,931.75978127
74,768.169097413039,83.11105991609462,46.21355134158863,129.32461125768324,6050.176127267549,5890.786926666144,76.27814068527607,786.21801658
83,813.8472361692994,85.85067669110725,47.520835528019624,133.37151221912688,6030.651256768887,5864.609713369796,80.19086670795286,874.09402499
53,542.6047496177687,91.33467441612662,45.718752368040555,137.0534267841672,6309.976033431265,6135.301025496292,83.3403335188126,554.53343370
65,647.1522328465364,90.24511124165963,48.176481126108214,138.42159236776786,6216.898831734384,6048.273242651114,78.38047784157607,742.70323259
78,796.9419528392456,87.32397093866804,47.48953295690896,134.81350389557699,6071.407232113265,5909.156162476515,74.92709869804992,858.37185355
84,815.6434541045725,87.65796674712988,45.2579188829174,132.91588563004728,6052.980526988795,5893.034104699414,72.28845554221846,857.41803398
61,606.5470776143659,92.56073543568158,47.4744123055771,140.03514774125867,6273.487142822161,6104.734477192899,76.19193019354213,621.55794867
54,543.7590082268551,94.96692142555264,46.17859574669197,141.14551717224458,6336.307874156958,6161.654754135938,79.68619859543128,597.17884563
49,504.3025177935763,96.48408821798712,48.4146818543576,144.89877007234475,6378.430293527971,6200.487313613388,81.45889169655845,552.40235225
71,738.2411210387097,93.08377295781922,46.4644889830858,139.54826194090504,6149.701416888112,5967.749941194182,88.86770273607635,771.88971385
75,768.2039039553995,92.52612594113603,47.27981832066756,139.80594426180357,6122.750236176203,5954.001556499117,76.22255373591031,786.51163191
43,452.91761990024537,100.5619278067333,47.675391395563665,148.237319202297,6439.81415852653,6258.450953200048,80.8012775197081,495.10951842
76,772.9440208013557,103.4322230922561,46.86382518156423,150.29604827382033,6127.607423093495,5947.19363191809,76.9815680831075,830.77013505
