pid,arrival_time,cpu_bursts_time,io_bursts_time,bursts_time,tat,ready_wait_time,io_wait_time,response_time
0,1.5787010174605782,89.82475049761756,46.288839340937095,136.11358983855467,5052.8892684646535,4893.329953656627,69.73456431040532,1.57870102
1,2.914446154202452,87.10487404982453,46.932754703201,134.03762875302553,5171.862175887732,5011.688670903763,73.06863093414329,4.17285475
2,4.136305545943971,94.46183775319474,46.40851654095878,140.87035429415354,5274.4244164774855,5109.3305475581465,70.63203116614744,4.60105882
4,14.614373786757996,83.20318634362917,46.18836302311958,129.39154936674873,5446.299045728514,5289.100289715331,73.99556966955157,16.15506697
3,12.980853772298348,87.31826890011887,47.69440855708975,135.0126774572086,5463.046556592503,5298.6471241452455,77.081163547137,14.24445812
7,23.755884588737935,87.68771215456746,45.61448945054149,133.30220160510896,5589.144956330325,5424.082547107902,77.37469706785879,26.18392401
5,15.810047548853026,77.36205159312571,47.01740059136282,124.37945218448854,5607.245263310244,5446.937992519014,82.94521919810394,17.26255276
6,18.25674095087358,79.6144246803829,46.50054611118945,126.11497079157235,5657.533562895903,5492.522352490533,85.39678572498778,21.17215545
9,31.18343400884465,75.17653147600974,45.32065819770684,120.49718967371658,5679.384689386545,5530.546833629993,73.66132428054044,37.55363300
8,27.39630256249834,77.49915426980108,45.28590484054604,122.78505911034713,5695.586725635709,5539.955776473665,78.13179489224066,31.46740691
10,38.44099425771386,79.9193062009225,45.40205351522042,125.3213597161429,5728.32367542408,5572.51048094694,75.89388827622193,45.09170064
11,42.915876269933946,73.05667533421246,45.96259069866427,119.01926603287671,5806.431642132639,5655.3401439096715,78.03482288875296,46.99816829
12,61.09209101449976,80.19819905520693,46.63627978506215,126.83447884026907,5914.5336183800055,5757.961552020384,76.37386730441513,66.62067685
13,64.75848943550278,77.21922445587029,45.96245111145164,123.18167556732193,6004.464465297864,5849.552558631855,77.69268221013847,72.96818041
14,93.16238247374645,81.42078931752317,46.17731819100991,127.59810750853306,6004.777596972223,5841.535424885541,81.82138276915951,106.08506024
16,97.27980588174302,91.62233360842866,46.193011162831986,137.81534477126064,6023.402177441426,5860.39047852712,71.38936530588025,111.66589128
17,120.81895883108325,87.76834836919166,46.16799250636766,133.9363408755593,6058.483009131183,5894.606030686912,76.10863007508033,128.52644242
15,94.31913844582846,76.6022872169135,45.791480816083386,122.39376803299692,6109.971656569804,5955.732136410759,77.63723294213045,108.91826316
18,122.93025446096748,79.63088959717724,46.58692831078088,126.21781790795812,6158.800198624926,6000.683160502744,78.48614852500486,131.81662390
19,133.6919789352565,78.23658607814833,47.09666291950445,125.33324899765279,6200.59707988187,6042.244969736365,80.1155240673539,146.36091339
20,145.29842597963074,78.26682929669913,46.37199643659131,124.63882573329043,6232.5441636887435,6075.947969157695,78.3293652343516,161.26471621
21,176.0020831416405,84.54278540227067,47.11982882277266,131.6626142250433,6346.887348631028,6183.0302824614255,79.31428076733542,185.16303975
22,189.34558621390823,83.71411598135953,46.45292147685676,130.16703745821627,6350.390894550642,6187.267646987141,79.40913158214121,198.50987127
27,219.9572899793971,83.13233132506261,45.7322018826967,128.8645332077593,6340.420195002381,6182.356488379814,74.931375297507,235.43063627
30,230.03576020437671,80.45323689343148,46.349031835646166,126.80226872907762,6405.773645602441,6247.146251464693,78.17415724431899,246.62725233
25,217.41198264733785,83.7074782712134,47.53089518558858,131.238373456802,6422.763001634886,6269.4646543619565,69.59086900171937,233.29993586
26,218.4485599808598,77.2330805784485,47.23221358995008,124.46529416839856,6428.3438741625405,6274.724676956689,76.38611662740163,233.85816803
24,207.58560306227074,79.20932193222107,47.17029910128403,126.37962103350507,6453.613693523143,6289.674928375459,84.72944321546674,220.93107117
29,225.3586127672748,71.9159676265434,46.15070792937365,118.06667555591704,6448.431530316584,6298.433744404427,78.08181828561595,240.64960820
23,207.47962449882493,75.07391884745665,47.13017630971674,122.20409515717338,6489.972639359351,6337.482196846265,77.41652366563216,220.71652717
28,225.18361655041318,76.47577459364304,46.778645597833304,123.25442019147634,6490.006407002182,6334.810497668454,78.7201347400837,240.41508539
33,274.9349784631133,70.9793171406727,45.64187185789648,116.62118899856918,6455.584549454831,6309.893000671564,74.71223164259118,295.22999027
32,254.43029563040943,79.40464091859747,47.23023524495572,126.63487616355317,6477.057968007309,6323.512220668876,74.1411064198349,274.06280347
31,252.6407864703267,92.09617469252815,47.94278354797359,140.0389582405017,6513.585486911143,6345.890543459646,75.59876875896896,272.61915318
34,283.6427648259805,73.29992903801033,46.32039885125696,119.62032788926729,6492.259715814984,6338.468011289039,80.49177548793239,304.08677048
36,304.0442671649909,74.294839698492,47.376113093361006,121.670952791853,6511.0920733576195,6352.0670098754135,84.73022378371257,326.64293279
37,306.46708142375667,96.14073354244144,46.600765488264656,142.74149903070608,6511.072287051247,6338.819571040179,76.11198246862449,328.12756395
38,310.9753729657541,74.48360438324477,46.18151792583961,120.66512230908438,6520.158886615544,6371.17190646313,74.5033757691715,332.01245700
35,292.2908729672133,98.21447939288444,46.98312378357706,145.19760317646148,6542.99839403415,6375.700890353597,69.08302428767098,313.87383170
39,355.7216720792666,89.53929264918683,46.52855163436452,136.06784428355132,6491.3688642194475,6319.339586994183,82.48998457607655,379.53174825
42,377.13117788217704,87.27694925081788,47.248743734216745,134.52569298503462,6497.2907835044425,6337.012012055862,73.0018221977632,412.50715008
40,357.9845374907869,87.05350849531075,48.1841189569805,135.2376274522913,6523.098588446444,6360.10551717997,75.93956277116371,389.01681391
41,359.7817638496311,79.19319201491584,47.077495738420254,126.27068775333608,6523.97135153907,6367.302774842652,77.47538468149594,390.52885135
49,428.1854961543995,84.23734831252175,46.641563391711706,130.87891170423347,6456.565548011005,6290.295196150197,82.0330035482819,455.32697985
43,397.1886449097216,87.74599587158087,46.16906845088514,133.915064322466,6496.572643249291,6336.453929462543,72.37271791516508,429.80691708
45,410.82473901078794,98.0973308184547,45.38793623528227,143.48526705373695,6490.778741369466,6324.027717651695,68.65369289931795,442.65307005
48,419.6808813315707,86.59656327846616,45.48783875742156,132.08440203588773,6486.441008865806,6327.483023790528,72.36142179681178,449.71190784
44,400.4717264078312,81.64158326965907,46.94834397592677,128.5899272455858,6523.911526865484,6360.691978252496,81.57796534332863,431.41710949
51,439.45432965332134,85.80256488547928,46.80253079618138,132.60509568166066,6485.320875191466,6329.032181425964,70.48612888002663,463.58246117
47,415.1166063663982,85.5068672610162,46.82220239219953,132.3290696532157,6517.119797624908,6358.346886635962,73.26604372792866,447.78351980
54,476.092762617637,75.39832367396076,46.387152070010536,121.78547574397129,6457.489855376653,6306.508977403488,75.58255429920837,511.18940586
57,492.0860438578738,88.22821719175786,45.20424484669895,133.43246203845683,6448.763359770739,6283.278721867828,77.2564207111559,525.75692021
50,430.4312657442416,98.96456951470606,46.22280687307246,145.18737638777853,6514.630864663852,6340.421391585502,75.24490356364333,456.03048114
52,444.59898613934456,89.5246593363936,45.629111722436335,135.15377105882993,6508.73414134096,6346.813274240749,72.39620776381815,467.51406040
46,410.847817346396,86.68791142122299,47.322983574607264,134.01089499583026,6543.943778638631,6381.827084411951,75.4287828054567,443.15976828
53,452.5179313110297,84.03330200053966,47.4812777919481,131.51457979248778,6506.987261356041,6347.716836607298,75.23712274820554,483.55531760
63,546.4415172488572,87.22326111641878,46.65266331101579,133.87592442743457,6429.099481570806,6264.962422164946,76.91379828943832,598.34452861
64,546.5284660588152,88.01918165999444,44.736548093715626,132.7557297537101,6430.143445830664,6270.46639870078,71.6578654698917,598.65596868
58,494.2651169489484,60.52336905963165,47.90564742022181,108.42901647985347,6490.6483877772735,6350.348617592943,79.77640112469987,531.63050253
59,500.5150225755335,89.3275218702578,48.09615585977545,137.42367773003323,6492.065420670514,6328.22372084229,74.51417795796272,542.28067798
55,477.168726715797,89.64443441300737,46.58357481101077,136.22800922401817,6518.100206555277,6352.431471801237,76.02430034103145,512.81526594
56,481.61698420577017,65.30315682626562,46.869474279322944,112.17263110558855,6513.779121207707,6371.160040745171,77.31592363627237,516.68647736
60,519.0935188950235,72.27389553815313,46.02275705734395,118.29665259549708,6477.890285505537,6326.201550837268,79.41483913011757,559.73540532
68,570.0657849418121,79.38577812154188,47.27097104785039,126.65674916939226,6432.255486572721,6271.175687413827,81.69402103734865,630.21575478
78,636.8866541640058,87.58410403303792,46.709771998510256,134.29387603154817,6369.100404118808,6204.194628260357,77.32167182541491,695.14128115
70,581.1666925686754,88.8646495000295,47.27680969298734,136.14145919301683,6425.022334994437,6262.696669488567,73.461016005842,636.51259116
71,590.8362777003093,88.34372136730721,47.13065043195739,135.4743717992646,6423.713561913016,6263.906028455228,71.46381209047956,650.75418024
62,544.9803682942531,96.35324412426907,47.78848850658816,144.1417326308572,6470.865024200079,6300.39919441112,74.11258566469155,591.56041484
66,567.5369659214463,78.17575375316297,45.536978930211035,123.71273268337401,6452.869791500679,6300.823867431908,73.8701703156089,625.44143741
67,568.1677764035591,76.64289674429747,47.267665847486924,123.91056259178441,6452.254567195762,6296.544638727164,79.06703172430298,629.94607400
69,573.5462068876744,83.6226296857594,46.284555437372745,129.90718512313214,6447.279903446717,6284.301002646012,79.35627111494648,631.37373062
76,634.1559695098348,80.05862028533296,45.30923713202231,125.36785741735527,6386.759371528715,6231.9753629091165,74.72538833426404,690.70752594
72,591.9980489424543,81.52216381323498,46.203245310623366,127.72540912385837,6432.000474219099,6276.961382491465,73.51692791440053,652.28281192
74,614.3575124341806,92.79165126781463,47.17566414759577,139.9673154154104,6410.120793796794,6242.1843389695605,75.14480355942055,667.19988693
65,558.8403194251784,78.84775829242544,47.80354272170855,126.65130101413402,6465.975569155599,6310.875940770431,76.25187009274305,619.38224039
61,527.6982299234488,86.82014722265873,48.047004190090675,134.8671514127494,6500.4675925491,6332.727341914564,80.9201034118787,569.29199589
82,694.1976250357546,89.0471397131473,47.56539420258522,136.6125339157325,6335.888495406929,6173.290194849057,73.55116084472172,757.77698695
77,636.6091254948226,81.02504215325041,45.140851070106734,126.16589322335713,6393.752528388398,6236.391236286627,76.33624994852278,694.77533461
83,697.5105207790982,82.66389272757658,47.499702850745756,130.16359557832234,6333.8319063988165,6173.858501418539,77.30951225270235,762.15318497
80,656.3404927507423,79.56636154246566,47.61143601286684,127.17779755533249,6377.939669342226,6222.060654286554,76.31265351320576,713.21237341
73,596.0618049673016,79.18863448261355,47.86652606807489,127.05516055068843,6438.25965798108,6280.269117621524,78.80190587694574,656.89666923
75,621.1695553530407,72.60094676536093,47.12739180191526,119.72833856727618,6413.576741488757,6260.071463143021,80.90433158037592,673.59014759
79,639.1190914179584,92.38412271690918,46.483834659700456,138.86795737660964,6397.0321994117885,6236.349990824196,68.29808587068533,699.24261402
84,701.6350292655377,74.20962056898193,47.185401026862834,121.39502159584477,6334.555027725714,6183.034747565713,77.31065959101818,763.91180658
81,685.3542859940139,78.9515326651387,46.861564364684554,125.81309702982324,6351.0579442718445,6191.156350157329,80.95006144937224,742.71497651
