pid,arrival_time,cpu_bursts_time,io_bursts_time,bursts_time,tat,ready_wait_time,io_wait_time,response_time
1,1.7933356196874697,74.69603302818687,47.05464382891315,121.75067685710006,4372.003390851192,4214.733920163954,82.57343765906995,2.02095649
0,0.16637695642795114,80.15104311678594,46.58147330407326,126.73251642085921,4736.833075950344,4581.935529257681,74.74650357588088,0.16637696
3,7.723843953098639,79.64063286003886,46.928231875043814,126.5688647350827,4852.793480962362,4694.896612303358,78.25623579896174,9.80303624
11,58.68924395130011,70.99123247700645,46.416997983475135,117.40823046048158,4836.090502540961,4689.414065299092,75.68520476486002,68.34934019
2,5.117958310335221,82.1949725929107,46.858291831032155,129.05326442394284,5073.001892350792,4917.106423969698,73.70049578817155,6.66037856
17,151.54464764329947,70.45139969514112,47.26773993051188,117.71913962565299,5288.660001154824,5134.137009679119,84.07159178053953,156.04002680
12,100.41475621850799,76.2981354053766,46.33782217133602,122.63595757671261,5465.529462040959,5307.591797546835,81.63952908871504,104.47920888
16,136.5423487831462,74.447898547095,46.431197567308416,120.87909611440341,5510.437182367442,5359.160171831216,76.82911198909343,162.63547595
13,113.57390753882083,76.16268478279794,46.25145947832856,122.4141442611265,5551.057138714917,5403.412301638286,71.48215229379463,118.56582763
9,46.66370744253684,82.91441653027265,47.0465196262427,129.96093615651534,5637.916194270451,5473.070190249914,81.931587490224,56.45076247
10,58.42292555320532,82.53062307371437,46.70620387416246,129.23682694787684,5680.441075722526,5519.851043094803,78.05940955396763,71.68662884
8,44.81847261678264,84.68046230045069,46.35281195424831,131.03327425469902,5721.991328278215,5558.001337370309,79.3095286074147,56.10780364
4,11.864182652833918,91.63684273670512,46.54364702712278,138.1804897638279,5789.212170477669,5620.288137612759,77.28719012815573,16.39394886
5,21.22877743082728,90.82973228359722,47.088376343496584,137.9181086270938,5892.355176068142,5722.602052408141,78.92339137635382,23.26116381
20,175.81816853146077,77.33552871389647,46.65648308239213,123.99201179628862,5820.233641491246,5662.588784281922,80.30932849537811,177.51278710
7,38.10692730339618,89.2101035612523,47.18855271033464,136.39865627158696,5981.768854273152,5814.706978437575,77.85177227427054,42.47072733
32,308.67695431816196,71.78066555635034,47.1787919086514,118.95945746500175,5756.873920833693,5601.1672764285695,83.92597884871736,351.43866488
14,116.90795553511009,82.6156641041802,46.30868546148672,128.92434956566692,5976.759201984241,5810.497012411181,83.64652546882441,122.73967051
24,240.20990079357193,76.07911226133085,45.66369513095808,121.74280739228894,5862.162296118762,5711.372396017925,74.71078783944637,265.24002115
6,34.84545847920951,90.86829604688398,47.044741241050545,137.91303728793451,6096.525491081037,5931.110250948679,74.54694408540956,35.71048122
21,190.05920841705841,80.0750071020144,46.48991213372925,126.56491923574364,5979.588729235308,5828.427713998391,71.08600813484179,196.05997924
15,125.50829732795268,84.43729847171649,46.52491646762533,130.96221493934183,6089.1516277228475,5928.848103737908,75.86622551315952,147.18072090
28,284.0459379914065,75.76743613467704,45.389042310034554,121.15647844471158,5932.277921296528,5780.361658941899,76.1488262198909,301.95310281
31,302.9482221716952,75.09044613094592,46.90903607845173,121.99948220939766,5914.782977071972,5758.7006430417,80.99188789926342,319.43173006
23,218.68969815190283,79.53154025993221,47.31388076935076,126.84542102928296,6065.701951558085,5906.561076091338,79.60933520675002,234.96087775
42,451.91145602497454,72.65220840233114,45.68392611012038,118.33613451245154,5845.934269091532,5693.426864954074,79.85519573505854,455.70067526
22,190.08066096194824,81.54056662717944,45.83339105820581,127.37395768538528,6122.348904235135,5967.095236608664,73.71310099922559,208.06673348
44,482.22799978982664,72.16885020926074,46.994989942751715,119.16384015201245,5833.452649523024,5674.111835052925,87.17196426077862,538.22034177
29,287.01412008503536,79.27552412777095,45.86099111117297,125.13651523894393,6059.1946558808695,5903.920616992782,75.99851476024969,294.88215128
70,723.071941679081,68.564895466027,45.739398057842344,114.30429352386936,5638.503807883934,5497.89441085161,72.04450156622295,736.13930007
18,160.41131888789783,85.63756816251106,46.48521944607956,132.1227876085906,6237.420799481259,6078.352947171252,73.43028414741713,177.94444988
45,489.5798615799898,73.40881616752296,46.46020933495761,119.86902550248055,5910.643649210676,5756.090234715414,81.14459832766977,579.64474191
68,701.2178246807865,70.4014699051718,46.91532299359979,117.31679289877158,5752.047380501829,5603.3913662080895,78.25454438849624,739.80295910
39,434.2304661986792,77.12063422951788,47.787174997559326,124.9078092270772,6060.3479610741,5909.2276132692405,73.99971357526346,444.93365912
35,382.98605270901305,78.46505482742137,46.91542065915928,125.38047548658065,6131.8487441510715,5974.694892379701,78.68879694387323,392.38765725
78,758.4174405719432,70.62754108878049,46.72873053042392,117.35627161920442,5759.856519612363,5611.119307937435,78.10967058606809,809.84966159
58,606.609415268754,73.83548808027695,46.17834279558972,120.01383087586666,5915.2831511264885,5768.148444577761,73.2992184683734,634.02789627
38,433.3135291511368,78.61489599793643,47.16469101724748,125.77958701518389,6124.9840247903985,5974.779157458178,71.58997133419359,451.59893332
47,501.403146798418,76.09137092012966,47.628978875508196,123.72034979563784,6068.4880374221175,5913.935143633495,78.46152286841084,563.99896669
61,643.9131248933525,74.44570933809598,45.37727002514938,119.82297936324537,5960.070408434008,5817.082559593575,68.54213950225119,689.28100184
36,408.6778780654507,81.40864949277324,46.61975853446957,128.02840802724285,6235.21747890463,6079.352182457873,74.45664695389132,411.73031622
37,411.48239096269066,81.31878756735054,46.56752473271817,127.88631230006868,6262.669033891649,6098.024555246693,83.32569107751357,505.46532777
53,576.2782393551063,77.43906728463706,46.618760686469095,124.05782797110615,6098.611234386686,5942.992762785709,78.17940431624754,672.60895755
83,881.4371075109115,73.98428101246765,46.33162973586329,120.31591074833095,5825.562791865333,5673.364100168392,78.21441068438037,897.53764022
75,746.9964340609357,75.5651024840327,46.38586611875104,121.95096860278375,5968.883422450368,5811.134269258258,82.18405070798235,878.88779415
27,261.73377783171367,87.40205367548815,46.453951743169846,133.856005418658,6454.845732737083,6293.959762941581,73.48391611991218,268.79347356
34,379.70587103632386,84.36335175764388,47.07465389479498,131.43800565243885,6338.296570023913,6177.413153218183,76.52006504798749,382.78370641
52,570.4616961763679,79.588390867272,45.83706678913934,125.42545765641134,6165.688962628734,6008.65899853703,77.44157322433284,604.82895166
19,163.64772815405942,93.00986428843778,47.34265932550957,140.35252361394737,6582.853070954023,6402.916351893877,86.9268547716083,168.53236481
63,667.4173511070031,77.65920286703513,46.90747435235618,124.56667721939131,6082.423216143769,5928.945139325187,75.81887395145907,690.53219720
30,295.1641942479529,87.68507549352685,47.460731378516584,135.14580687204347,6463.377034077146,6295.8039899113055,79.88796867221845,297.75357711
66,685.4295478257444,79.49546361586381,44.895900539579586,124.3913641554434,6102.391249296593,5950.945272403047,71.95051327758165,704.17973379
81,825.6640583928428,76.54369950636412,46.83284695367581,123.37654646003995,5962.835123857197,5810.849032579282,75.44239177144937,840.84527973
48,502.22650337151896,82.59286231570934,46.9889612983095,129.5818236140188,6296.205693912854,6139.623995559248,73.9888360377962,515.60843805
56,601.6715771877878,80.35159006070427,46.533216006842075,126.88480606754635,6197.3057188971725,6037.7696207578465,79.18450807851457,612.37911232
67,688.4644327133003,80.16880359259198,47.438206956372234,127.60701054896421,6118.2023671879015,5964.7813670523965,73.25219654280954,701.27540156
26,248.9515471726051,90.94731845378851,46.51945700950924,137.46677546329772,6558.937431731254,6388.901522594743,79.08859068261378,251.12259307
84,884.5972931856332,77.08656671946783,46.23692084751358,123.32348756698141,5931.864011965162,5779.952526257641,74.82491898795433,931.60069970
62,664.9286274796204,80.2562921060788,46.725901455181365,126.98219356126016,6154.552780774151,5992.341969041739,81.95451962623042,805.40012517
43,459.08587025981467,87.06642988573157,47.04868518912353,134.11511507485508,6418.838565849322,6257.473933337732,74.2982026257427,470.65171546
73,739.6613172811059,81.78692981304184,46.54750773875048,128.33443755179232,6143.194213143979,5980.844804632871,80.56247869795584,894.69414541
74,743.4791106402436,82.36675431799145,47.09583760629016,129.46259192428158,6153.206598280647,5997.129118062978,73.71072589956191,779.48914018
49,511.786138240012,86.9899645198079,47.27355245350723,134.26351697331512,6392.948917597073,6228.809391451775,77.14956162537192,516.26825791
59,612.1742206324095,85.45355497567641,46.78769608092987,132.24125105660625,6300.115070545582,6135.91194817075,78.74956739903462,623.13336619
41,446.42400697956776,88.70257180184362,46.2686460245462,134.97121782638982,6465.985945007718,6296.565622169433,80.71775103632069,457.64842799
69,714.3139976285253,83.90374436040194,46.50426321100798,130.4080075714099,6201.450828212115,6039.668982997195,77.8781008543973,799.10686348
33,342.53553788733734,92.61380012321008,46.92541443160634,139.53921455481643,6578.226688767848,6409.836609860354,75.77627878415984,366.94129518
50,542.7263094593366,87.03881277863591,47.78842386607519,134.8272366447111,6381.5219992522925,6216.739960413185,77.74322606034559,632.71006636
25,241.16169189643412,96.74297177729815,47.48127498529935,144.2242467625975,6684.501555997726,6504.961028245515,82.79755597478649,243.58660021
80,814.2944787094876,83.8482921230605,47.6393701526029,131.48766227566338,6127.809721560013,5968.209081923942,75.75234751289372,821.64730891
46,497.4543689793802,89.82093036685094,45.702548375131045,135.523478741982,6447.912361648021,6284.166445675193,73.92498560584818,527.56043962
71,736.3246687831218,85.1211522221593,46.4094782455282,131.5306304676875,6210.882202569713,6041.096234811931,84.66481553550727,771.57396092
72,737.2343260761111,86.63274511645058,46.890468480021944,133.52321359647254,6219.857819093243,6059.820440057692,73.40463391897072,794.74852562
82,859.0423794669495,84.6034356834813,47.48733908427703,132.09077476775835,6104.984323484326,5942.344526559032,78.03636124168838,921.28003946
54,590.2412517692566,89.89196506063627,46.66676218942716,136.55872725006344,6379.69091167366,6209.976190325199,79.82275628769048,626.60152997
64,668.5762090309493,89.09847041440548,46.25970677407276,135.35817718847824,6302.932797826201,6136.7877943184585,77.04653309319713,691.91013907
57,605.6218330909568,89.71738592507303,46.616040955761136,136.3334268808342,6368.273022369961,6201.909220846001,76.64641559875031,644.01854563
65,668.9325307972017,89.70666880548242,47.491098743973325,137.19776754945576,6311.80832662962,6137.588195675154,84.513462148847,854.24797329
40,439.0374521146149,95.81481603321453,46.56985387148294,142.38466990469746,6546.5103343547225,6373.036901347189,77.65861697417984,453.77049152
79,786.6444383692939,89.78902225147162,45.904058827965386,135.69308107943704,6201.555488287532,6031.083550746813,80.68291528910788,867.26420006
77,751.0247214355692,91.4200652192655,46.23330562460768,137.65337084387318,6245.443018856008,6080.68217810549,73.34077553111695,831.35325367
51,546.4102829804913,97.30155826192798,47.18608599555122,144.4876442574792,6457.950563477728,6277.019677938331,83.62932727731834,555.53728689
55,598.4691169585152,97.74040506375577,46.378584809908936,144.1189898736647,6408.765898433451,6240.808009306143,70.21748406339418,619.93797685
60,613.9225531306982,97.1427830001401,48.17435578055372,145.31713878069382,6393.531497605171,6215.365361507385,81.02335309748219,788.76680244
76,747.9763491230683,99.49986132660013,46.53148711606057,146.03134844266066,6266.66833718921,6087.235627177459,79.93284868497028,806.51012589
