pid,arrival_time,cpu_bursts_time,io_bursts_time,bursts_time,tat,ready_wait_time,io_wait_time,response_time
81,871.8195855509422,76.5250675748088,47.07115062182756,123.59621819663636,608.6502265940125,477.46202995237866,54.663129066824695,871.81958555
20,182.80009009336354,74.71344559372739,46.70985216076578,121.42329775449315,1459.0043820678184,1332.3798302809791,51.91110619311141,182.80009009
43,448.11292576017354,75.52753954168826,46.70262985506815,122.2301693967564,1424.7711506200549,1297.3262945182546,51.91731656011268,455.78667939
6,49.65795614903084,71.05160370450035,47.261325227301,118.31292893180135,1892.881316836364,1769.781256732017,52.04845639984655,49.76969260
64,729.5761185171849,73.00372599035853,46.486534990554375,119.49026098091291,1373.8096759738914,1246.7427714904625,54.063178493070495,729.57611852
70,778.9341441048456,80.24157079477592,47.62727877779931,127.86884957257524,1335.9644483901616,1198.5003618046226,57.22251579076237,778.93414410
55,606.5742729451738,81.43425193944951,46.866137195852055,128.30038913530157,1531.4527907890722,1395.4938608082446,54.524678041378365,606.57427295
71,793.2538758625789,67.14715860519611,46.834044212538686,113.98120281773481,1369.1864348285926,1247.4591532162171,54.58012300717894,816.61113034
53,582.5731863416909,86.25220579973987,46.77881540006877,133.03102119980863,1718.0866393653619,1580.0112993335179,51.823134232103484,583.05882275
75,806.5742463681389,84.31715404485584,47.54298602392722,131.86014006878307,1537.0491639988327,1399.3402974475118,53.391712506466206,807.51519839
39,399.26162235778054,71.4804093728273,46.31296936762786,117.79337874045514,2065.375395466651,1942.2938746505574,51.601111443267314,399.26162236
21,185.19598455162773,85.19733926430833,45.98244416727986,131.1797834315882,2502.994464692393,2368.9215016699163,48.875623758167904,185.19598455
8,68.835806404235,68.457793742064,46.48384977101102,114.94164351307502,2675.328753947505,2555.561887077254,51.30907312818647,68.83580640
60,623.7226752634884,95.66050980275597,46.52598169045095,142.18649149320694,2198.4692262109293,2052.4128956456316,50.39582076253964,2593.43058202
36,335.4729939872607,63.03639826168062,47.17141632243734,110.20781458411795,2571.1639407896428,2452.217124644387,55.91041788357569,335.47299399
57,607.084928941978,83.73425650951523,47.707757354418845,131.44201386393408,2398.3782433205524,2259.8360567719446,54.80793003909196,607.31277944
49,522.91876760079,85.45982444290043,46.007342104365485,131.4671665472659,2493.695595252256,2354.674521115486,53.56124969386747,522.91876760
66,756.9663419636795,76.73846575800495,47.093888255693805,123.83235401369879,2298.4321958032433,2166.0031524334463,55.69057761179204,758.27771216
0,10.06917587368084,76.66732471393398,45.99810261675706,122.66542733069107,3074.9408018483596,2947.0340984973823,51.2393786370431,10.06917587
30,273.9379413353987,68.64173876037344,46.11405915158742,114.75579791196084,2951.7897185240463,2825.0929005396038,58.05507922407003,273.95452447
45,471.19596294058033,74.89152128865928,47.11311423450414,122.00463552316342,2818.3840859913707,2689.607674803054,53.88488989965617,471.19596294
48,519.0618581856309,96.56740704154714,46.23872406128153,142.8061311028287,2840.5686678672155,2694.883493175944,49.117767649722396,519.15205374
72,800.4848932381627,83.72188401442268,46.849854438595216,130.5717384530179,2599.4628482184653,2463.9501088646325,51.79085533941168,800.73171787
68,776.7791246002492,78.10150541683466,45.36288270435368,123.46438812118835,2735.75475969177,2605.303586394181,52.34966788075337,776.84478842
50,528.7693090557761,76.29114948624841,46.79189793428939,123.08304742053781,3012.1170217240724,2885.5322027692073,50.293669468615576,528.76930906
37,340.60113063942913,74.73378839203276,46.91271141767914,121.64649980971191,3264.9922651555826,3132.7876925230657,57.470784240482544,340.73970703
1,15.684764492176111,84.51976799890109,46.30335493677222,130.82312293567333,3666.507524995367,3531.1117224331842,50.8760345632825,15.68476449
12,111.41164205839371,69.91110175004346,45.959856191576456,115.87095794161993,3595.895551630727,3474.7407772072065,51.243672673476695,111.41164206
51,543.731050526854,70.99210406593936,45.77720188434657,116.7693059502859,3383.7510490150034,3259.6230360220707,53.13590892699233,543.87972987
52,558.3234442647696,83.3957570305344,46.075518641843395,129.4712756723778,3475.424369621423,3338.611738112267,53.416874478621594,3770.86241530
67,758.2315773525821,79.81076479164298,46.866037678398676,126.67680247004165,3325.8964350482156,3187.706540769094,58.37912948747771,762.08702664
40,412.7905850625161,80.64432416156392,46.55565860705789,127.19998276862182,3707.8437822141163,3575.6043132549353,51.595144797618445,413.57439171
11,100.37291675097448,81.08740655914835,46.63597699642889,127.72338355557724,4207.070206650066,4073.9627149594276,52.020085131492735,100.37291675
82,872.3167131594507,75.68284463565587,46.59328531883639,122.27612995449223,3444.3688681910016,3314.851192518861,53.83483103648348,872.35450748
32,292.67672142227775,83.10309878840512,47.69819729934779,130.80129608775292,4058.709487695601,3922.6498263471813,52.9565625600149,292.67672142
22,188.36155130801592,71.39515459812061,45.06702819945617,116.46218279757679,4180.881825152689,4057.696594114175,51.790076440393364,188.57016214
35,320.85558323052504,89.89545520983428,47.656089815999934,137.55154502583423,4081.972028933385,3935.518433734067,56.558139989482754,320.85558323
41,428.89142360660935,88.73869971094709,46.20012391220283,134.93882362314991,4048.9997966112933,3909.81462143491,50.44647546543564,428.90567776
29,267.0333808870031,86.09021474538696,46.45136603688844,132.5415807822754,4217.447448375445,4080.1787227707828,51.178510859276514,267.38958919
16,140.83058755109923,64.93720408921408,45.38479124393933,110.32199533315338,4360.928065348805,4245.800915378723,50.18994588086778,141.00564472
5,45.659027394806984,84.02975483884968,46.8903545034563,130.92010934230598,4513.682393440735,4379.533513324048,50.11912527784047,48.15763274
76,808.900960329643,86.45071087095462,46.01107149276246,132.46178236371708,3759.538953268869,3621.4969426542484,51.591299743667946,809.26128208
28,265.6992280712753,86.37139427209992,47.051327049574724,133.42272132167463,4500.371602291261,4363.554811755035,50.445396264125975,266.30978600
23,197.55685908598693,83.23426065660405,46.39310351058185,129.6273641671859,4578.275422402807,4444.116584999175,50.92457674702905,197.73456504
44,467.1365913977044,79.28791764137658,46.326202074078324,125.6141197154549,4475.545387449546,4346.013912734528,50.24355707364862,467.13659140
4,42.75473219742808,82.98688182928485,47.08027186760367,130.0671536968885,4902.238973359786,4764.301312823439,54.95077870706207,52.96539261
59,613.6099934834341,80.8862806895672,47.10492096364287,127.99120165321007,4389.274383139128,4256.343861784363,52.04424066520187,617.24450776
42,441.63090219577276,83.57038121679297,47.706436932284845,131.27681814907783,4577.28896944939,4441.465531051473,52.25305718112344,441.89637102
2,24.407758062735248,78.84300708074016,46.058649610963535,124.90165669170369,4996.006874638662,4867.224626042105,49.93924151581466,24.40775806
9,78.704461914586,90.02783105535309,47.42828381596245,137.45611487131555,4971.595993706892,4831.190626821874,50.377535829666,78.70446191
84,876.973641882935,85.78229344603713,46.61078105140674,132.39307449744388,4256.397272996919,4119.3301965785795,51.284782972306516,877.03269206
19,143.07472894270794,73.98546622395098,46.61209500640028,120.59756123035126,5050.608197594256,4927.604328801583,49.01840256872174,645.44889547
79,848.6834443395671,80.65380043830281,46.8707299412572,127.52453037956002,4392.558435572484,4259.645635611282,52.258999522901036,850.19179931
26,244.54525679373432,73.66644194384872,45.37069822882334,119.03714017267207,5147.811516327422,5025.847523356093,48.297551027476686,244.54525679
73,802.5687550730103,92.8194267349111,45.18691856293561,138.00634529784674,4592.784584716758,4448.9310661425125,51.03409183933661,802.56875507
56,606.7797398136083,94.28890824315432,47.35747674029296,141.6463849834473,4792.494072145662,4648.3482634197035,49.85690048280435,606.77973981
74,803.1644391324311,78.3305304741056,46.18933455038987,124.51986502449547,4683.111286035124,4550.75832405231,54.02243150870743,812.80984597
13,122.00528048050322,79.94184233124741,46.28928642610332,126.23112875735072,5385.559812570323,5252.536324856079,53.08164538299529,122.00528048
18,141.84047980358105,98.24792919412693,45.91433458725053,144.16226378137748,5507.408148470298,5359.202205018331,49.95801425784521,141.84047980
34,317.10300632844064,85.41776898659451,46.552840877577815,131.97060986417233,5371.030776365765,5231.428996998971,54.18401038019857,317.10300633
25,213.3476447082988,92.36136921601596,46.73814057923447,139.09950979525047,5481.842493204245,5339.416431850193,50.06469213804027,213.34764471
27,247.4789560796332,89.06353585499593,45.21493403785409,134.27846989285,5498.301828781604,5361.09512035162,48.14317257498823,289.40347749
14,128.5951281634243,84.76904845991774,46.34478789784234,131.11383635776008,5749.0164559384675,5611.554292769531,52.69311470901482,129.08966308
62,670.8208487249773,83.66277143488303,46.37674493550021,130.03951637038324,5212.025544179266,5079.877295763305,48.485476981075635,1037.60952406
15,136.9401618946299,91.29093627877681,46.67835834541587,137.96929462419268,5785.444804465256,5642.968764887479,51.18510329899408,137.51853828
24,198.98663315774922,90.69289160707714,46.99179944067708,137.6846910477542,5759.24633548969,5617.764105058908,50.78933882370163,199.08887235
17,141.7187746644449,94.9174506144908,46.62834240304627,141.54579301753705,5857.89830781875,5710.197133293389,52.78372391086998,149.43497794
3,26.821589690787334,86.74720995833796,47.97110606080149,134.71831601913942,6032.120520046445,5893.505767772798,51.86754231530796,26.82158969
33,309.1852906509494,81.7280570735597,45.53522018032915,127.26327725388886,5860.387554510419,5728.902910982676,49.7565864541852,309.43479082
61,629.225299697202,79.50084045516918,45.13715559144795,124.63799604661716,5550.886484021203,5421.944216132568,49.441427433467425,629.77301773
58,609.0726508288226,76.15317328515198,46.45846080102481,122.61163408617679,5626.589644804367,5496.251057097741,54.185414421474434,609.07265083
65,751.108492442371,92.04874934843913,46.92067066886506,138.96942001730417,5540.580452496399,5397.994525147114,50.537178000845415,752.22064437
63,695.4783330661456,84.15828643401164,47.60417904032989,131.76246547434155,5613.7979685462615,5477.947750107907,51.69193200434336,695.48683256
7,51.88109835012957,85.68324827642881,46.39001377096212,132.07326204739093,6305.138126061226,6168.587568628489,50.8673091563131,51.88109835
83,875.3009283925775,83.16508368742959,46.299874903485865,129.46495859091547,5591.110460036944,5456.9812963074555,50.96408004205591,876.46192934
78,828.3990751988878,82.20169871985617,46.07998151779007,128.28168023764624,5680.9591750930795,5548.237350274655,50.52012609856581,832.41758016
47,507.53987205495594,87.49540904659465,47.041270008524506,134.53667905511918,6042.057931686296,5903.643051405508,50.91947123419567,507.63827685
31,279.7484521669989,85.7729367778281,46.73667374152353,132.5096105193516,6404.541349967555,6268.991696675066,49.7767165146613,279.74845217
38,392.3640283529236,97.77266133994772,46.58715146576847,144.3598128057162,6353.064153072079,6201.142195103919,54.1492966282122,392.36402835
46,485.39599869277913,94.47557954120636,46.68258953703962,141.15816907824598,6265.576246985356,6122.037556405743,49.06311103841102,485.45121867
10,97.3874667004957,85.72182818941742,48.05313504062737,133.77496323004476,6723.219437070689,6582.894349874874,54.60325900639708,97.38746670
69,778.007025525954,82.07367331387428,45.653236434243816,127.72690974811812,6066.445983381079,5933.526015905454,50.84629416175028,778.71013655
54,592.7200285899737,83.71476114192912,47.72648074325467,131.44124188518379,6299.70116153405,6163.628984475178,52.35741591694432,592.76595286
77,827.7583519667646,79.065386569947,46.30573270933793,125.37111927928493,6118.71060642315,5986.787532732672,52.85768712052766,827.75835197
80,860.823767043644,84.55409003674758,47.417628422299956,131.97171845904754,6157.369909759297,6019.573948312092,53.24187141046116,861.02281654
