pid,arrival_time,cpu_bursts_time,io_bursts_time,bursts_time,tat,ready_wait_time,io_wait_time,response_time
76,718.0196175728371,75.43768067134741,46.14982030963112,121.58750098097852,563.8540284177642,423.99837075793073,64.41797698848723,719.54311579
79,828.012730435201,82.56488270408568,46.74556579948221,129.3104485035679,1023.2329423802329,875.7986643346712,64.86939534147655,828.06276070
31,250.19196232020977,70.76285083959722,47.13980562969342,117.90265646929063,1731.574193182781,1598.7425444445248,62.068797898659625,259.26513942
63,576.1819672291011,78.68038753674071,46.965014116900676,125.6454016536414,1496.0929258128986,1354.6296992616294,62.7828390145263,576.74974381
45,374.93546648659424,77.10205911648823,45.0747381582677,122.17679727475596,1929.0493552323355,1784.5988393827308,67.34845673311577,374.98831705
83,876.884458978645,81.72626299038227,46.36022605026432,128.0864890406466,1436.551559048758,1288.2830532135013,66.54224284487361,878.20465122
41,355.06555064380103,70.56643055407284,46.69894085230696,117.26537140637981,2183.479892094547,2045.6118266373444,67.30163490313134,355.31308343
65,583.935708967978,74.39997898493164,46.28832067185903,120.68829965679068,2007.0131985032704,1863.5639528009897,69.04926671734813,585.20054726
62,576.0833027519724,74.19087638720926,47.391242728509354,121.58211911571861,2061.9905490680885,1920.6526829811892,67.14698969969129,576.54823393
18,169.62510359668136,76.4265513186016,47.057196736885814,123.48374805548741,2688.1362991210926,2545.025501640769,66.68424616172064,170.35801684
30,240.70458582329633,77.81878395729704,48.134009954486444,125.95279391178349,2655.6825387670724,2511.7560309951928,66.10772381458099,241.09685915
39,325.1338897107118,73.47080680374626,45.58236837604949,119.05317517979577,2601.0941394393494,2463.832855360553,63.790477275050364,325.84605002
20,187.7376288132646,81.07934411189444,45.76070613261149,126.84005024450593,2763.079238061822,2619.1452209406248,62.85467300930216,187.88141913
29,239.4069843891013,76.0854282852165,47.822512783801166,123.90794106901765,2776.984389544402,2630.6567849166017,70.24217634258488,239.77320242
60,573.091248187063,83.91229468679488,47.33837181833769,131.25066650513256,2464.569038745546,2317.5205269383887,63.13621712036388,577.04219825
64,577.9024437392934,67.6392106611096,45.82952655218616,113.46873721329574,2621.6015718000626,2489.1864308003146,64.77593033863934,577.99807698
43,368.5164928667383,68.48007423713476,46.14630840372767,114.62638264086243,2861.9436294936218,2725.028318196782,68.43523705970489,382.83327989
57,565.9649536228538,90.29886491075375,46.07857717218208,136.37744208293583,2787.3908457017906,2635.826490700969,61.26549009006828,566.78260184
78,770.9660269199046,83.86055484851362,46.56926143111404,130.42981627962763,2748.3449344268747,2600.093322987898,64.39105659046231,771.95842440
27,218.10960774983698,78.65171862682487,46.25670243919992,124.90842106602477,3327.122669228777,3183.897484827306,64.57346577464386,218.74092823
84,877.9027373821178,86.56905670228508,46.25563801264712,132.8246947149322,2730.460824471119,2582.789508334419,61.10225943441503,877.96482520
15,144.12722799092506,86.58123259377548,46.10738738037333,132.68861997414882,3505.3072121606806,3357.8856228889144,60.84035667799077,144.30753875
72,668.5288203543926,90.8490943533743,46.3812813083132,137.2303756616875,3003.522001662145,2848.654469100842,64.01843820792772,668.65922441
75,689.916136744316,86.59288831157258,47.4925702235591,134.08545853513172,3020.0636457220935,2871.094677799467,62.37607961105118,689.97917319
70,643.2420064134003,87.6417247296972,44.81406596673903,132.45579069643622,3178.85629029232,3028.406243708346,62.808321854277324,643.30564733
0,0.7484536113377476,73.47607226141656,46.846058171578335,120.32213043299492,3851.0264301699,3704.3460235626026,73.2043343458818,0.74845361
25,217.0406197715445,90.76291724522977,47.310212041266674,138.07312928649645,3735.907583387587,3578.18358155772,66.96108458463746,223.00519045
49,451.39668616826305,78.85587459564144,45.19848372320576,124.05435831884719,3746.338639341003,3605.700884692753,61.78188005260728,452.70976976
9,108.44352044059065,69.03211750596354,45.87065243367875,114.90276993964231,4153.284585069896,4012.742721179732,71.50974638420045,108.68723098
73,675.6184039468086,85.02652905997552,47.10404179412214,132.13057085409764,3607.9989119862507,3458.9493638065433,64.02301911973211,675.90517276
46,413.58491800999315,73.40340492966135,45.75800703382294,119.16141196348431,3957.5276358571373,3818.3654848719734,65.75874605550376,414.42124831
35,278.96841844907135,80.50196626729334,45.10747665139741,125.60944291869076,4130.429904775897,3985.934532457102,63.99340605150559,280.61893598
69,632.122065966764,79.3108512338574,47.204018598557994,126.5148698324154,3838.3886107771714,3694.7481798547115,64.3295796886024,632.34419296
38,314.64966142196903,76.46950582183116,46.80725417335468,123.27675999518584,4346.881975184365,4207.765289207912,62.64718015461955,315.88999797
32,272.2227922510024,82.20405609875881,45.138806263279015,127.34286236203783,4403.0388764976215,4258.5999681581125,62.234852240746136,272.84789989
59,571.0645414802746,78.79629996317351,46.11296664782997,124.90926661100349,4177.261737138175,4035.110740472356,63.354696702646265,571.23858782
2,15.276329360782398,81.69642717811642,45.571420471222716,127.26784764933913,4772.923003538773,4625.732082484289,65.49449387636946,15.41179239
21,188.50010615020767,85.73525722410298,46.14513758565611,131.88039480975908,4615.084630877723,4466.28149041672,63.06788323690148,189.05202845
17,149.96925612241805,84.41642468356187,46.99757552337258,131.41400020693447,4699.078684618267,4547.18152626912,67.48073366558572,150.51580437
10,111.83849593593419,62.13685527249752,47.57755809119141,109.71441336368893,4750.456586280273,4618.756845303495,69.56288570428269,113.13346036
61,573.2198679746474,88.49915019741204,45.839056603778836,134.3382068011909,4317.278951285195,4170.2503450773875,58.52945601039437,3007.17864267
24,212.5745431707251,84.7290238924807,45.945241830698045,130.67426572317873,4750.8004949642045,4603.833711912552,62.2377591591744,234.30295338
40,327.82738249041574,83.31177108186489,48.20114126563561,131.51291234750053,4721.514318665809,4570.81163135418,67.39091622976332,328.40378345
51,458.7643546221351,83.45044113611658,46.79216375833732,130.2426048944539,4634.247680893253,4487.240303417388,63.55693633974886,459.58350706
13,140.7686658803089,85.74488307968029,48.01218656195553,133.75706964163584,4962.610154625758,4805.020827940468,71.84444360560917,146.38475586
77,725.1459704575468,85.49566112949667,46.166270921709106,131.66193205120578,4408.351075269638,4254.328217507433,68.52719663270841,725.40922433
28,223.0765700829628,76.09457839044097,46.697829172895744,122.79240756333674,4990.810861757949,4842.403013004798,72.31327036271162,237.84381753
33,275.15739075463915,79.83611739674443,46.4192353796514,126.25535277639582,5055.8248973654545,4908.326152715563,67.66262725314488,275.45106853
47,433.828418249434,78.97595806761255,47.815942941699305,126.79190100931186,4952.139652584034,4805.467384250672,67.69631026574939,435.91558113
14,141.9212621483628,75.30258484065676,46.66464595210635,121.9672307927631,5244.24126469796,5097.054932328816,71.88374752848819,142.21371540
48,434.04856314821,77.3220255085772,46.31126767690673,123.63329318548394,4968.143616123202,4824.2011995594585,66.62039105516232,434.32170697
74,685.009784335264,78.51907896354676,46.412147938464734,124.93122690201149,4795.525670037948,4648.22653351697,68.78005755743004,691.21386840
55,527.3234223810922,84.80336345426116,46.61297290345912,131.4163363577203,4957.692406375418,4810.477437487692,62.411605433464274,527.85511201
11,121.69408877719904,82.90318094608853,46.7922756905075,129.69545663659602,5393.436679501269,5247.653659157112,62.87983939806806,122.54237950
54,501.5871781716931,77.41609674585092,48.15695815464683,125.57305490049774,5027.589537583077,4879.727659664252,70.44578117297328,502.13979414
56,538.8088680777349,85.03806401451907,45.24149342184572,130.2795574363648,5040.342800936716,4894.339096674827,60.96564024737029,540.44808777
82,864.3705577273332,83.28857284614669,46.225399681109636,129.51397252725633,4728.922245320401,4579.800856115223,65.83281635903393,864.76991206
66,601.3719341895172,77.42411418865947,46.299576180579265,123.72369036923874,5003.323811481857,4862.551192500739,63.34850479245995,602.45940485
52,473.714638235023,76.61852015893088,46.536751554699364,123.15527171363024,5197.620707194735,5053.8926459832255,67.10954105257764,473.84411140
71,653.6914622979821,73.280227608207,47.37753679226878,120.65776440047577,5025.431786874742,4879.593054761813,72.55850450472553,681.16357254
68,622.2551824436517,83.4016633362571,46.80365198156348,130.2053153178206,5122.903852833622,4977.308655177174,62.193534320189315,623.54279952
37,310.7061762682223,82.36972201827312,46.37164145944073,128.74136347771386,5524.531877104521,5376.826254956029,65.33590013022172,311.76957010
67,618.9050403289398,94.09076428082025,46.55393747382022,140.64470175464044,5274.126884861662,5113.173957103018,66.86216347782647,620.53766928
19,177.07521385663915,69.88697281606358,46.31119020482891,116.19816302089247,5766.744577663844,5626.345360175186,70.51224467259578,177.13609324
16,149.1651906607354,81.72513726119394,47.1200892578758,128.84522651906974,5836.187019446657,5688.693363208233,65.76851897723256,149.36995873
8,99.02959328211266,83.57815303080476,46.91195417078525,130.49010720159004,5896.680744333974,5740.880127078484,72.22246422468446,99.18734882
50,454.6510100243026,80.53630344064375,46.86890942725152,127.40521286789527,5637.81916610602,5494.381462246089,62.90140041928811,455.15897054
6,89.65819636561596,94.76975333902021,46.04930080599838,140.81905414501858,6131.961941825388,5974.11630520894,63.07588327742852,92.82154434
5,64.97149801901237,88.10677378267904,46.2486290121241,134.35540279480313,6184.714207640385,6034.808269329554,61.799164528154975,89.08545312
58,568.1627704517264,93.42560224388306,46.264788441885045,139.6903906857681,5697.4930436966115,5539.5011486652,64.56629278752939,568.26205133
4,61.75554069590521,78.55670412942226,46.50184238886482,125.05854651828707,6224.8570977150475,6077.644593424532,68.65580016109172,62.35963401
26,217.6472585233245,94.44734783715643,46.19861349904397,140.64596133620043,6190.870234862961,6032.108844827374,64.31404219843054,218.16956236
44,372.7234192046346,87.54174793247934,47.125799925459305,134.66754785793862,6080.73520036936,5931.931191805005,61.26226063187261,372.98752069
7,97.96374506365966,84.72635374078008,46.44586288629782,131.17221662707792,6356.403347815129,6207.764846040309,63.912148034038836,100.63420913
36,297.0191385164097,93.49337126408685,46.51388795821375,140.0072592223006,6208.812634947871,6053.584540624489,61.73472305929471,300.83799423
34,278.22180274338893,96.83066785452546,45.65113821808605,142.4818060726115,6277.907533191703,6120.061989466699,61.01487587048251,278.82077359
42,362.9735591406613,88.2907907187932,46.58795665933122,134.87874737812444,6230.288200385635,6076.575455872646,65.42195379419832,364.64182490
12,122.45493867358287,84.10752788210806,47.31000132902763,131.41752921113567,6529.3625722249335,6376.791346578681,68.4636977641444,1314.08771374
80,829.2588670102845,75.5669708358283,46.384278431700224,121.95124926752854,5848.202891672359,5703.319084034315,69.31683680221943,834.52805702
1,3.969506749002279,89.08972100189698,47.2626402142085,136.3523612161055,6716.742719727689,6561.973253457379,65.67974526841043,3.97642497
23,210.3310213823083,99.89428604191801,46.627589898333824,146.52187594025182,6568.745394670733,6402.155227242305,66.69588138650937,211.21272914
22,193.75955807069766,77.84138747861459,46.26201191206582,124.10339939068041,6619.0375686911775,6475.082749105417,66.11343210714304,194.34896720
53,484.515420152624,94.20532857317346,46.861970776277836,141.06729934945128,6451.387940793831,6286.2680514510785,70.91456076957707,484.55387121
3,32.196741332841015,84.54222121081358,46.51800467826667,131.06022588908021,6918.8270013588335,6773.179506753464,61.10527339455247,32.40418138
81,851.5116822152996,81.82900664245328,46.576973743954,128.4059803864073,6102.866788754667,5958.023643529494,63.014138582716214,851.86580148
