pid,arrival_time,cpu_bursts_time,io_bursts_time,bursts_time,tat,ready_wait_time,io_wait_time,response_time
11,42.915876269933946,73.05667533421246,45.96259069866427,119.01926603287671,5254.177774344198,5109.686806522287,71.43429248772222,45.91618555
5,15.810047548853026,77.36205159312571,47.01740059136282,124.37945218448854,5332.177701890168,5182.050299834331,72.76535046273779,16.78906841
8,27.39630256249834,77.49915426980108,45.28590484054604,122.78505911034713,5361.430490238578,5213.559770049514,70.37156591929327,28.50136270
9,31.18343400884465,75.17653147600974,45.32065819770684,120.49718967371658,5427.525726130268,5275.591043800747,76.75815085354438,32.05450178
6,18.25674095087358,79.6144246803829,46.50054611118945,126.11497079157235,5487.460105219436,5330.997012242196,76.84866829688156,30.79302910
1,2.914446154202452,87.10487404982453,46.932754703201,134.03762875302553,5680.591327160467,5507.819169170799,85.66728393987542,3.41572340
4,14.614373786757996,83.20318634362917,46.18836302311958,129.39154936674873,5680.800509539914,5524.860123457936,72.73719973837903,14.85338939
10,38.44099425771386,79.9193062009225,45.40205351522042,125.3213597161429,5727.557379755251,5576.602806899598,71.03526665476059,43.53127904
15,94.31913844582846,76.6022872169135,45.791480816083386,122.39376803299692,5698.561556188334,5549.634432777795,72.32483619365759,99.30751735
0,1.5787010174605782,89.82475049761756,46.288839340937095,136.11358983855467,5809.187373427609,5646.401233309657,72.96138962036522,1.57870102
13,64.75848943550278,77.21922445587029,45.96245111145164,123.18167556732193,5784.518457670518,5624.924817293877,82.37441592080386,66.77738341
58,494.2651169489484,60.52336905963165,47.90564742022181,108.42901647985347,5368.572406489235,5230.999509080478,77.04952834915048,513.24922547
3,12.980853772298348,87.31826890011887,47.69440855708975,135.0126774572086,5998.564858804903,5833.826636596875,77.41995330794279,14.01976492
12,61.09209101449976,80.19819905520693,46.63627978506215,126.83447884026907,5951.7592298985,5796.661912894705,74.89911794862104,67.07542276
29,225.3586127672748,71.9159676265434,46.15070792937365,118.06667555591704,5828.91613701732,5682.907191851475,74.09297753933672,244.33843635
7,23.755884588737935,87.68771215456746,45.61448945054149,133.30220160510896,6094.029839881576,5934.393691011345,71.94843671570314,29.47672796
56,481.61698420577017,65.30315682626562,46.869474279322944,112.17263110558855,5637.46808430524,5494.734298099788,77.43062937921769,499.99708903
19,133.6919789352565,78.23658607814833,47.09666291950445,125.33324899765279,5988.230307893637,5827.308195421871,82.6855263936539,136.84752420
33,274.9349784631133,70.9793171406727,45.64187185789648,116.62118899856918,5861.443480215934,5716.6742923981565,73.78987067713865,304.35831249
18,122.93025446096748,79.63088959717724,46.58692831078088,126.21781790795812,6041.125943040314,5885.096130357203,76.39892308597149,131.71789426
23,207.47962449882493,75.07391884745665,47.13017630971674,122.20409515717338,5959.968427505497,5806.012410267248,78.88209839082813,215.43410095
2,4.136305545943971,94.46183775319474,46.40851654095878,140.87035429415354,6166.398777919761,5992.3557824201025,79.58115774650227,4.64392748
20,145.29842597963074,78.26682929669913,46.37199643659131,124.63882573329043,6041.42762804089,5887.100311226212,76.06048751801904,157.68915380
14,93.16238247374645,81.42078931752317,46.17731819100991,127.59810750853306,6099.152872805136,5945.838569965854,71.89351352179382,108.01957933
34,283.6427648259805,73.29992903801033,46.32039885125696,119.62032788926729,6001.296072425634,5853.480703476181,74.51543991147975,301.75911460
36,304.0442671649909,74.294839698492,47.376113093361006,121.670952791853,6001.828409512655,5852.906460356265,74.62710945793276,310.27695835
28,225.18361655041318,76.47577459364304,46.778645597833304,123.25442019147634,6084.873051704437,5936.005673127548,72.39160398328326,233.79688448
26,218.4485599808598,77.2330805784485,47.23221358995008,124.46529416839856,6104.002904782887,5950.531376604478,76.23844759999213,227.18536833
38,310.9753729657541,74.48360438324477,46.18151792583961,120.66512230908438,6059.017158033154,5906.328502626659,78.20505102328548,317.49031184
24,207.58560306227074,79.20932193222107,47.17029910128403,126.37962103350507,6203.19925705039,6051.334194047688,72.6557410705179,211.50628502
30,230.03576020437671,80.45323689343148,46.349031835646166,126.80226872907762,6272.400630965425,6119.292137066736,72.6552570052965,245.02014206
60,519.0935188950235,72.27389553815313,46.02275705734395,118.29665259549708,6022.561707911612,5866.427515762375,83.8602966111215,550.22123545
32,254.43029563040943,79.40464091859747,47.23023524495572,126.63487616355317,6296.118547283904,6139.304660611483,77.40924575386526,287.42417765
21,176.0020831416405,84.54278540227067,47.11982882277266,131.6626142250433,6392.177197229924,6226.891831524106,80.74258030358948,182.91268714
17,120.81895883108325,87.76834836919166,46.16799250636766,133.9363408755593,6454.345388500215,6294.777932428867,71.79910770220198,129.37244873
27,219.9572899793971,83.13233132506261,45.7322018826967,128.8645332077593,6357.780081980877,6206.402810676842,68.24493997901573,228.51297678
75,621.1695553530407,72.60094676536093,47.12739180191526,119.72833856727618,5960.468005086923,5813.453701152887,74.41335716871185,660.48466768
41,359.7817638496311,79.19319201491584,47.077495738420254,126.27068775333608,6238.158781025083,6084.129451862362,74.83613714784883,367.21603713
22,189.34558621390823,83.71411598135953,46.45292147685676,130.16703745821627,6415.633250758113,6255.947594923937,75.97153985285917,192.74910783
54,476.092762617637,75.39832367396076,46.387152070010536,121.78547574397129,6151.287841358775,5998.109825344492,77.77969234036732,554.87164650
25,217.41198264733785,83.7074782712134,47.53089518558858,131.238373456802,6413.381215052396,6247.655529584753,82.01820719647245,221.75650270
16,97.27980588174302,91.62233360842866,46.193011162831986,137.81534477126064,6554.824568515008,6391.8350135868695,71.36722131975617,99.69555879
84,701.6350292655377,74.20962056898193,47.185401026862834,121.39502159584477,6039.885210673858,5887.919576039561,77.75601406535748,731.63379921
44,400.4717264078312,81.64158326965907,46.94834397592677,128.5899272455858,6349.692985938332,6198.173283386755,69.8781192819614,457.75283744
66,567.5369659214463,78.17575375316297,45.536978930211035,123.71273268337401,6194.281716424542,6042.608030253803,73.4979324176212,655.19083285
67,568.1677764035591,76.64289674429747,47.267665847486924,123.91056259178441,6195.839779695374,6043.544949093068,75.65193385805196,579.49614793
65,558.8403194251784,78.84775829242544,47.80354272170855,126.65130101413402,6234.658961935856,6084.040662970288,71.77054067318488,631.87982147
73,596.0618049673016,79.18863448261355,47.86652606807489,127.05516055068843,6240.514169397831,6080.031983716817,81.29355119844604,634.92802014
53,452.5179313110297,84.03330200053966,47.4812777919481,131.51457979248778,6384.599897496483,6223.744784136588,76.82181135940198,470.42149096
81,685.3542859940139,78.9515326651387,46.861564364684554,125.81309702982324,6155.5111297979765,6004.9483718991705,71.61122523371216,832.93735025
68,570.0657849418121,79.38577812154188,47.27097104785039,126.65674916939226,6277.410235699337,6123.5415694255125,74.48288815232968,581.40916024
80,656.3404927507423,79.56636154246566,47.61143601286684,127.17779755533249,6206.832248766188,6055.335608435604,71.93027878816304,742.70826530
72,591.9980489424543,81.52216381323498,46.203245310623366,127.72540912385837,6280.364162565853,6121.599650637781,77.242348114881,630.16825474
76,634.1559695098348,80.05862028533296,45.30923713202231,125.36785741735527,6248.348629179287,6097.5008833656175,70.78912552838256,776.22886262
77,636.6091254948226,81.02504215325041,45.140851070106734,126.16589322335713,6247.172601050969,6091.611055195136,74.5365037026279,663.50681473
48,419.6808813315707,86.59656327846616,45.48783875742156,132.08440203588773,6472.328836345421,6310.916198258811,74.81607480819184,427.75190594
49,428.1854961543995,84.23734831252175,46.641563391711706,130.87891170423347,6472.879221264377,6314.567714023167,74.07415892873479,453.57392526
42,377.13117788217704,87.27694925081788,47.248743734216745,134.52569298503462,6525.438181225003,6361.199516109718,76.96171586451453,391.58820912
40,357.9845374907869,87.05350849531075,48.1841189569805,135.2376274522913,6549.7716587424775,6386.847446518593,75.87070372862445,371.80170546
51,439.45432965332134,85.80256488547928,46.80253079618138,132.60509568166066,6471.641437680019,6312.093215985123,73.74565680946273,465.94170294
31,252.6407864703267,92.09617469252815,47.94278354797359,140.0389582405017,6662.5361270970225,6496.147257104851,74.29269529969639,257.86345965
47,415.1166063663982,85.5068672610162,46.82220239219953,132.3290696532157,6503.951262686649,6343.239278446856,75.20511697882483,423.69033976
46,410.847817346396,86.68791142122299,47.322983574607264,134.01089499583026,6518.23155807646,6353.914312683141,77.62933397214226,528.19056471
69,573.5462068876744,83.6226296857594,46.284555437372745,129.90718512313214,6364.476059637005,6202.543830216671,78.30959973462552,636.08486551
43,397.1886449097216,87.74599587158087,46.16906845088514,133.915064322466,6540.8907522146965,6372.558450852394,80.58630549077134,419.89092093
39,355.7216720792666,89.53929264918683,46.52855163436452,136.06784428355132,6582.758233897731,6415.808487248183,77.41045400041355,573.32837613
83,697.5105207790982,82.66389272757658,47.499702850745756,130.16359557832234,6256.982942540804,6095.28824023756,79.03080957571649,727.42892163
63,546.4415172488572,87.22326111641878,46.65266331101579,133.87592442743457,6419.066381618551,6263.9731039721855,67.87001652999913,567.32953025
61,527.6982299234488,86.82014722265873,48.047004190090675,134.8671514127494,6446.08296525633,6284.097277538688,75.16554049503736,594.04690615
57,492.0860438578738,88.22821719175786,45.20424484669895,133.43246203845683,6485.6924816577275,6314.328587893098,83.13567657292322,706.07424344
55,477.168726715797,89.64443441300737,46.58357481101077,136.22800922401817,6510.619519916851,6347.377835699725,73.59724980417195,535.40642362
64,546.5284660588152,88.01918165999444,44.736548093715626,132.7557297537101,6441.990693643647,6280.09328555694,73.87822642676599,616.18090635
52,444.59898613934456,89.5246593363936,45.629111722436335,135.15377105882993,6548.028683597548,6388.292937880709,70.21108638049645,539.38951347
71,590.8362777003093,88.34372136730721,47.13065043195739,135.4743717992646,6408.163691921688,6245.572866067232,74.24710448720145,683.25978007
59,500.5150225755335,89.3275218702578,48.09615585977545,137.42367773003323,6502.88506788322,6334.925784470983,78.63176154203256,510.04552467
78,636.8866541640058,87.58410403303792,46.709771998510256,134.29387603154817,6368.695287727471,6205.7983538136095,75.31282988087958,663.90604816
37,306.46708142375667,96.14073354244144,46.600765488264656,142.74149903070608,6703.977608415148,6537.7229048116915,70.11397006107035,319.28697976
82,694.1976250357546,89.0471397131473,47.56539420258522,136.6125339157325,6322.358436996594,6155.09139922602,78.21989805747819,723.94831707
70,581.1666925686754,88.8646495000295,47.27680969298734,136.14145919301683,6435.99133874397,6269.19712266237,77.92956658162575,593.13262594
35,292.2908729672133,98.21447939288444,46.98312378357706,145.19760317646148,6728.791723382519,6565.735762168929,64.84148182075836,336.39272204
79,639.1190914179584,92.38412271690918,46.483834659700456,138.86795737660964,6386.086088973087,6213.119484434388,80.58248182184923,781.66571034
74,614.3575124341806,92.79165126781463,47.17566414759577,139.9673154154104,6414.941292320849,6249.495687239465,72.65395381362532,627.54563367
45,410.82473901078794,98.0973308184547,45.38793623528227,143.48526705373695,6621.86024242305,6447.302719228664,76.46019237599268,434.85699406
50,430.4312657442416,98.96456951470606,46.22280687307246,145.18737638777853,6606.413901970895,6435.893895384543,71.55543707170335,501.15949713
62,544.9803682942531,96.35324412426907,47.78848850658816,144.1417326308572,6491.984982913207,6313.781047561063,81.85069122793368,627.12371461
