pid,arrival_time,cpu_bursts_time,io_bursts_time,bursts_time,tat,ready_wait_time,io_wait_time,response_time
0,7.61215915441908,77.37633706279856,46.64377643913754,124.02011350193612,4211.833444918182,4063.775224649048,70.68188320635772,7.61215915
8,63.81346012548595,67.66588399090197,46.998964567255214,114.6648485581572,4583.126822241009,4435.060263886809,80.40067436330105,70.74905035
5,54.80434983183993,73.51755514573874,46.67739705445453,120.19495220019328,4859.096184280986,4705.0386643870615,80.53996474817795,55.18393589
4,30.694483332714846,80.46909157581095,45.25577387160464,125.7248654474156,4983.529614632779,4829.490713179131,73.5698098778301,31.63289970
3,16.108043940296326,85.76518986593923,47.68447531825688,133.44966518419614,5119.579347646059,4956.009521907545,77.80463587256472,17.72946283
2,14.109629947010294,87.24490160137617,46.810778717736135,134.0556803191123,5189.62797913489,5027.578460084512,74.80461744898587,14.22633687
9,101.07025952221709,72.1813578742357,46.13720395083676,118.31856182507246,5195.784124782488,5043.59753331377,80.00523359446372,111.19466099
7,62.165195312578135,77.82143824657,46.56755002888701,124.38898827545702,5293.546641159354,5139.795308948762,75.92989396399706,67.51599941
1,10.424441563425418,91.90611538425584,46.75475612934207,138.6608715135979,5353.693063555518,5183.728738052925,78.05821011831607,10.43838523
19,169.25014758543122,71.61016907088802,45.95920205088164,117.56937112176966,5425.033643129755,5275.29023361052,78.13324044831643,180.61358873
25,217.97226937510553,68.95334483954565,45.40287171391939,114.35621655346503,5379.496233657615,5233.249400771397,77.29348804664482,236.10829757
6,61.189320713117766,81.75106946205585,46.53392690053091,128.28499636258675,5557.288474498042,5396.773050219106,78.7643548168442,69.57515383
31,308.3337865669498,66.07474506010801,47.094346769162506,113.16909182927054,5334.521047794557,5192.764776845859,75.68152588855685,319.60891553
13,118.08456999923881,76.90867755819079,45.58014834762728,122.48882590581803,5585.919820898313,5427.887690674083,81.12345266599854,121.38950713
23,192.4680220251188,73.39563839672437,46.31808777412566,119.71372617085004,5617.377830199515,5465.805004484121,78.17718731862394,236.68639808
18,162.78424124274096,75.28815582411158,45.820625146772585,121.10878097088415,5665.426816903859,5503.897235838597,86.24142524110414,179.17355028
24,199.3048375805018,73.39468612100728,45.528406026366426,118.92309214737372,5642.650765915865,5493.501525306452,75.75455448835964,205.64422280
36,334.5553733119545,70.16981350735752,47.0784852920821,117.2482987994396,5601.1606002361705,5449.956264405539,81.03452232322462,361.21098484
27,253.39131485616008,72.85772710466262,46.30242064243461,119.16014774709723,5691.034896863388,5541.096869455572,77.08030030310113,260.51162526
34,333.2589495671885,70.44693879608492,47.27701997385588,117.7239587699408,5627.325047426618,5475.936718633995,80.94138999648652,343.12412999
11,115.97672617370264,82.23865769623775,45.98022837402691,128.21888607026466,5965.0744638636415,5794.048484021709,88.78732214563725,120.00772916
17,143.5780578239475,80.68161663639754,45.95840220211767,126.6400188385152,5960.740884292426,5800.214505417706,79.84476223825996,150.94521414
16,139.6773333060179,80.99155370945697,47.142800343495644,128.1343540529526,5992.669035312837,5832.478461432267,79.19902017105377,141.23522992
10,107.88850502259517,83.96696345026764,47.2668544948672,131.23381794513483,6030.544026130934,5861.789993427547,84.78706925305666,110.43149864
15,139.65316986506645,82.48686216511119,46.54204048225739,129.02890264736857,6020.387514555011,5856.759151564631,81.14150082519862,142.60304389
28,262.4553303414981,77.49932684297487,45.98913873753144,123.4884655805063,5959.285644221825,5807.034017480352,74.75229989843109,265.12033978
12,116.47051505150438,85.7150488325493,46.23601646251349,131.9510652950628,6114.211698181234,5954.132400069123,74.36424927949552,124.80366339
65,632.8054865858326,68.57848856668697,47.2043541405784,115.78284270726535,5609.432362821306,5462.871662182438,77.98221207211486,670.18418304
40,451.35468048472256,72.10743029529131,45.978601065605105,118.08603136089641,5806.587011592212,5653.931921240251,80.54766005660622,470.01433047
29,281.97831175107183,77.36201821554798,45.64982718036343,123.01184539591142,5978.922492665264,5816.257537608913,85.30293684073291,314.62434203
48,487.87059112784533,72.15890390214167,46.52594458614962,118.6848484882913,5794.391867337317,5643.700078372415,78.53288506268842,509.78528723
32,311.6461042559431,76.9843928208579,47.33581874249388,124.32021156335179,5980.40895895102,5824.446714828687,78.97785130140784,317.40214956
45,467.50348584571947,72.84039212084133,46.46838612531016,119.30877824615149,5842.6760974781155,5685.858805425686,83.97689993151664,475.61789940
37,345.5320298243778,76.83074619490819,46.1918741130945,123.02262030800267,5992.23482464732,5839.362355356369,76.04172309597129,365.93212710
35,334.25295198423186,76.54656079597342,47.22282428773875,123.76938508371218,6004.836212328994,5851.998488628041,76.29116290490401,344.02808989
33,318.1321043031029,77.56488268790477,47.35021083936731,124.91509352727209,6028.922762979091,5870.218449511229,81.13943077987915,327.27518154
46,468.74479851913736,74.7401418932646,46.54615518001974,121.28629707328435,5908.275593214819,5752.12798814863,81.40746317284868,499.13100783
30,299.0171027405788,79.54403562229298,46.40053166331599,125.944567285609,6084.396470601388,5919.571613326762,85.2808216522563,304.62464700
47,481.8487340870329,75.54833233397572,45.74701952712171,121.29535186109743,5924.777303694165,5777.3005888533135,71.92838250679961,521.57735564
83,829.1996505609003,69.82939728700114,45.587200103633215,115.41659739063437,5610.527339834315,5464.146236095601,76.55170645163855,851.72120959
38,400.038361237811,78.64666755578843,45.95337402221892,124.60004157800732,6066.769411473266,5910.029687889012,78.09305602838725,414.21486321
57,555.891524518979,74.94987425984748,46.554491201855406,121.50436546170289,5922.624882873236,5769.1517119181735,78.52329669513631,560.91900471
78,799.5074606562073,70.83722619462428,47.28728200365348,118.12450819827775,5685.485051426507,5529.402895661379,85.2449295704215,806.35570513
21,182.1471241571413,86.46831739643953,47.72209019288503,134.19040758932454,6304.081954321942,6137.382421734538,80.23121519088335,197.12589020
68,681.1718368419733,73.59645966572988,44.99571731944864,118.59217698517853,5824.812131535122,5679.039847363199,72.17582450611656,718.31705160
42,457.5601171919905,78.3631623434893,46.87063527392095,125.23379761741023,6060.001772923078,5901.531294150479,80.10731642901783,499.37067453
51,525.5236605414512,77.26841696230525,46.11182506643359,123.38024202873883,6012.167511072404,5855.225438144957,79.67365596505704,538.57939459
80,813.6693966070936,72.32221454756157,46.963224143563814,119.28543869112539,5739.842073159404,5580.498733669664,87.0211249420961,936.04542929
82,823.0728663688674,73.58645605097583,46.50425047542578,120.09070652640159,5769.201185586511,5615.837687359323,79.77704217612279,830.20826783
26,232.03168472121115,87.64558489110443,46.65712483196733,134.30270972307176,6380.251288163909,6214.25179659237,78.35390668034125,273.06191084
59,584.8361041000109,77.87802607939697,46.88191924570044,124.7599453250974,6028.373639990081,5864.9108525013025,85.58476140928565,607.44977777
52,528.2466082990496,80.15272606298285,46.53108277222683,126.68380883520967,6093.371407699528,5939.1646753077985,74.05400632864769,578.61514281
49,490.0151015850183,80.81605245200444,46.56732961069158,127.383382062696,6137.296693426465,5980.668474498276,75.81216647608551,512.00995835
79,807.8308588638655,74.56126538070782,46.6957950795919,121.25706046029973,5823.006545746171,5669.388071508308,79.05720885706262,859.81397909
73,747.5253771953459,76.42526174241755,47.30345158615779,123.72871332857534,5899.539663461155,5742.867635543505,80.2467661751383,760.86566798
76,762.9676904358068,76.6386102749963,46.07124782478491,122.7098580997812,5890.268330189134,5736.315032575943,77.31468733810027,790.80559116
60,593.7770817398294,80.31168867024635,45.82201880580615,126.13370747605248,6066.010549981046,5911.38047271282,74.31838859788206,739.30419596
44,460.01237058519547,82.70069977819824,47.03359803447836,129.73429781267657,6202.643770377178,6038.876007267332,81.06706333155046,498.62570875
71,730.03092240468,77.89058256414889,45.94511022111805,123.83569278526691,5941.414084788359,5783.078235410588,80.44526681352204,755.76800263
72,732.3655598310896,78.27020443545248,45.37867719970562,123.64888163515808,5942.265051551821,5788.11142781893,75.88341929733883,772.31426316
81,814.3256684318787,76.87498546744455,45.87389455126375,122.74888001870832,5862.3791226269095,5711.206725965714,74.29741119364974,828.91433045
14,136.98890798361154,95.65985988907588,45.992863327034684,141.65272321611053,6541.040854340102,6362.990568139906,82.39042631101245,149.62543371
43,459.61721699289365,83.41916125173391,45.570828078640844,128.98998933037478,6227.7021069251805,6073.4769650724065,70.80598060093917,484.44522386
54,536.369362102115,82.30204328082051,46.327430247193334,128.62947352801382,6160.441339242584,6005.988473809009,72.15082215265409,640.14467493
41,453.173944149347,84.36498612012666,47.10741306765977,131.47239918778644,6256.244911366606,6096.837300897495,75.04262434887875,464.43431882
67,675.4897361607025,81.17424486811444,45.969521733864866,127.1437666019793,6050.126906579357,5888.950052531524,80.00260917961157,694.34753147
63,625.4378780787998,82.26975251715365,45.567817645083466,127.8375701622371,6106.640908415731,5947.266567698705,77.10458819976282,724.53322187
61,603.5053486481872,84.35262938437764,46.02874690204036,130.38137628641803,6153.32717869171,5994.574247561295,74.40030174593005,609.11844226
56,555.8746159373551,85.89986973545487,47.27583748834718,133.17570722380205,6208.007192951719,6042.00815277057,80.09917044557653,621.51893430
55,546.0051181858286,86.58571958743474,47.29211351674596,133.8778331041807,6226.119087933691,6064.187628679253,75.34573966688527,556.47406756
64,630.4780284201979,85.10759060272498,46.540208778319894,131.6477993810449,6148.8908548168965,5982.350799413962,81.43246480009509,655.03020534
53,534.274060244013,87.55432072807113,47.46579060923333,135.02011133730446,6245.328336933569,6077.154546403138,80.61946980223706,538.76225727
20,180.09409215419808,99.29250769476964,47.756614814118315,147.04912250888796,6605.878842076617,6421.340731678951,85.24560270276572,182.94455950
66,638.8095548938666,86.86142309172206,46.46504453598203,133.3264676277041,6154.616345863003,5989.654947917854,78.09997485330302,688.90441643
22,192.05470957937507,99.38658204898111,46.23295742802093,145.61953947700204,6607.888257212028,6428.998419557952,79.50325560496333,195.94706369
74,753.659365191939,85.47952813990045,46.43907020800557,131.918598347906,6050.985945799256,5885.858645841735,79.64777181749173,760.40001297
39,431.7701823558888,93.07699288572694,46.68116610511634,139.7581589908433,6384.549295907468,6214.965514424136,76.50678859747251,442.78795413
84,835.8907127576209,86.15490878522299,46.84572200568573,133.00063079090873,5981.606481572762,5813.168652773893,82.28292001351542,851.45837739
77,787.5478819999437,86.90595937838805,46.99945384051739,133.90541321890544,6032.133554531294,5866.037546308366,79.19004884441233,937.07400934
58,556.0503569397179,91.10439000066168,47.97229226135332,139.07668226201497,6264.709540893753,6096.078322950812,77.52682794214138,689.42484560
70,724.5186731993099,89.93296438149427,46.20585098523154,136.1388153667258,6104.885962754642,5939.909933609578,75.04306476343584,811.37493135
50,506.3707454567954,95.25301740811521,47.039314700656014,142.29233210877123,6324.883024975184,6152.541301860136,77.088705706783,528.49565664
75,755.7777892670803,91.86376902415796,45.47177298412762,137.33554200828556,6079.936874339331,5908.574142411206,79.49896290382014,848.61140013
62,612.9364916656363,94.53694545832467,46.78856377130376,141.32550922962844,6224.901218182848,6052.99540251422,77.368870210159,630.29796224
69,721.7789777386458,94.14706122019861,46.9751622372225,141.1222234574211,6116.2901657791945,5948.427045249349,73.71605930949818,781.10864419
