pid,arrival_time,cpu_bursts_time,io_bursts_time,bursts_time,tat,ready_wait_time,io_wait_time,response_time
1,10.111817939818616,70.1956571817181,45.48063481019974,115.67629199191786,3918.222763837996,3761.6426663602683,86.3844402960361,13.22043945
0,6.867744622052211,78.55775813650506,45.950542861498484,124.50830099800355,4339.0568669342565,4182.488374045189,78.0107347525786,6.86774462
2,12.7349319852423,74.85978873706293,46.0019186400267,120.86170737708963,4422.971816495829,4256.142702634007,91.96932512477676,14.81526934
4,31.69770946560905,77.03437375004377,47.2340387310431,124.26841248108686,4960.755024706146,4797.189220112299,86.53143084379118,31.82994253
26,205.33395346898365,65.0274038019673,46.597057009631875,111.62446081159919,5084.514865012057,4944.735371906149,74.75208930391653,214.48368943
16,124.09162238003786,72.6579543434092,46.39613827067188,119.05409261408109,5413.5633832363865,5270.175159954573,70.7302689383734,131.77348681
10,85.93948073797144,76.45582658758357,47.25686487617479,123.71269146375838,5482.418099814987,5325.353431609253,80.60884161811246,86.57266981
3,22.24418944583985,88.27268406638483,47.328118085647155,135.60080215203197,5559.284001971665,5385.677735768896,85.33358213635196,25.10818946
9,73.70840638687757,77.84367193248328,47.0013982066312,124.84507013911448,5522.915708033447,5367.67783165669,77.39420444424033,85.01393346
5,59.68985958728688,80.35044004822184,47.0291505616442,127.37959060986603,5577.11952009392,5416.68381385571,80.08526618995562,64.96398336
6,64.61267938220865,80.95634476356412,47.47734470048566,128.43368946404976,5660.713195186248,5500.120968286703,79.6358821359433,70.64409564
20,167.55949049823042,72.72767257578215,46.67291722330476,119.4005897990869,5584.252694843687,5430.942894441256,80.58212782661045,172.94547174
69,710.4333320984733,59.12644400740224,45.918487347439324,105.04493135484157,5056.042131884033,4916.743791989833,80.17189588676001,754.99753369
14,109.3405765468504,76.94349657485921,44.6551974066784,121.59869398153764,5666.344137321418,5515.06695490698,74.3336858395391,117.81047826
35,304.4682052423288,68.597572036547,45.685163671254436,114.28273570780145,5516.580853236422,5370.58468593852,77.39859526130994,356.63042061
13,104.1031485127556,77.9302049241226,47.235699723310525,125.16590464743314,5725.791844135744,5567.878009891965,79.98362931961758,107.19492209
17,146.96126853540395,75.82105863462164,46.21533456741646,122.03639320203811,5684.592097158439,5531.157340870626,77.61369765314555,168.43787357
8,72.84667036361222,82.22687319533878,47.84790632947011,130.0747795248089,5806.851811087048,5646.200499930335,78.42443796133014,75.94381602
23,187.46574272475934,76.15962318622766,46.10056222102032,122.26018540724799,5818.065536683599,5664.756874707128,77.1490387901886,195.99526822
38,364.68920358282793,70.4508783441328,46.45010061943456,116.90097896356734,5643.8252004162705,5496.456266649696,76.91805542239035,368.19288446
32,253.60044898135632,73.69703211527019,47.087794535233336,120.78482665050352,5761.195963447782,5618.707857580761,68.79107375169298,262.09222908
7,69.4315020195159,85.69277355145829,45.97076718454036,131.66354073599865,5989.641388519751,5825.669862995207,78.27875197302617,75.31388987
15,111.33753506475063,81.3742484214821,46.36099683608174,127.73524525756383,5961.835148731816,5800.468942016295,79.99195829398133,128.44975337
12,94.24710471747393,83.07124000756089,45.79778817737677,128.86902818493766,5981.971558539259,5820.963331107585,77.93698742405496,97.42872835
18,155.2985682536465,79.6215387735524,46.669641807263666,126.29118058081608,5968.728242516076,5816.765143001991,72.34156074047547,156.84453024
22,184.9379819881274,78.45329143973096,46.70948156047433,125.1627730002053,5941.873555066143,5785.5805363205745,77.83972730577818,204.17011966
11,87.00952460612191,85.17817234629837,45.94796304900015,131.12613539529855,6044.6352396297325,5877.146029802817,82.31103748055476,92.52869102
39,405.1848624071964,71.45520771316292,47.888659913234,119.3438676263969,5741.1049917515875,5579.597812887238,90.05197115113657,415.59321089
48,501.7746290161904,72.04847294529776,46.42334484989686,118.4718177951946,5783.748481827509,5636.377283727908,75.32272515423449,519.90397226
21,174.05962405253138,82.12985955183626,46.64600296392263,128.7758625157589,6151.534691166895,5987.19709354359,82.20773807139253,177.87773310
27,212.09706468428652,82.32810917425947,47.427952568205946,129.75606174246542,6181.60394703933,6017.348651851153,81.92718601384024,219.38647426
34,293.79497418959176,79.39791860366648,47.92329711564759,127.32121571931407,6137.079187759251,5980.635500664409,77.04576849110413,311.50200308
42,450.1917309361497,76.16106913744328,46.75277856907868,122.91384770652195,5987.5752620724425,5835.300825345352,76.113367589571,530.62810530
62,629.0214264657044,71.87209696422701,46.126551308264425,117.99864827249144,5822.9117635758685,5669.2062749794195,81.8333916321443,634.53070714
30,221.574152575313,82.86861584881598,45.54926065908902,128.41787650790502,6233.05566970196,6064.825089004883,85.36196484818043,232.62802028
57,574.609706065997,73.57511873656169,46.364954627221536,119.94007336378324,5886.222584969271,5733.596453379581,79.0510128530484,607.05402093
36,334.6270943425049,80.46436316203133,45.67100439087713,126.13536755290845,6151.29703771707,5991.111390851451,79.72128370350924,358.17889501
41,428.13036056167795,77.75137844733842,46.93976107558056,124.69113952291897,6060.370107159213,5901.773895339637,80.84483337215511,449.51631724
19,160.06280695593318,86.77336080427143,46.92391625095586,133.69727705522726,6355.34091473891,6186.564387589199,82.00316634535818,161.69249330
46,483.2613569799862,76.54568276526214,45.177258496188735,121.7229412614509,6033.287601068484,5878.758959901281,77.9829584018562,522.53363077
47,486.44178743187655,76.87559456049368,47.93400782762385,124.80960238811753,6033.745164931344,5875.288429440514,81.58114093025063,539.52366944
56,573.4776328250825,75.00056984388567,45.48692866849499,120.48749851238065,5951.3854069992285,5798.515266570582,77.86957058468226,578.85260303
55,565.003844242338,76.72193486835728,46.329627743050594,123.05156261140787,5989.670120313232,5829.931441570808,83.0167438739877,607.65799725
51,522.1957777391901,76.92108897859514,47.39779880100524,124.31888777960036,6035.699445044508,5875.003414565103,83.77494150071811,546.07065185
29,214.1941861088626,87.24334956565819,46.86645520442203,134.1098047700802,6374.165607323596,6205.516062482814,81.40619527503048,233.20321324
50,515.7539746862841,77.4262544396213,45.80964759564892,123.23590203527023,6075.628101136182,5917.594508220779,80.6073384756869,529.51211026
52,527.1186172976171,78.02527935791336,46.48489398657747,124.51017334449085,6084.009208422743,5925.220208309793,80.76372075494487,581.40637480
33,275.73382127990203,85.422090440046,45.6433995889615,131.06549002900752,6352.159310249773,6187.770023354973,78.96719645465777,293.78258943
81,808.0983626951,73.90917029510177,46.933856264687634,120.84302655978942,5823.274267166819,5672.026790615009,77.33830625661824,962.63042482
31,248.7682226109529,86.75016499889999,47.498492476540456,134.24865747544044,6387.8849091063075,6217.96855268621,83.1661914210998,251.57902452
45,480.8718908454746,80.42283045683239,46.61875609784554,127.04158655467795,6163.939162785054,6009.145908176959,74.37042415116781,505.87769671
64,644.5262857789493,76.74186869800722,46.397943974284786,123.13981267229201,6002.379994348807,5844.897998871012,80.74012677969563,692.87820919
40,426.0942885268919,82.31125687284575,45.04195310597978,127.35320997882553,6221.087084305216,6061.125728333352,77.65009909892387,429.77475941
73,747.5010897475015,75.66791912204087,46.80590240617738,122.47382152821827,5901.918248310532,5750.371742389572,75.87858679882606,848.41915508
79,799.7730530912752,75.09517964980301,45.592435923217955,120.68761557302099,5850.954013609754,5702.355669137631,73.50316482223138,884.05638696
68,683.4496584030123,77.25069083850143,46.88866932424715,124.13936016274859,5999.775351943579,5831.372327420139,91.15233368484678,733.55819295
28,212.113653024401,90.20439016444607,47.18357277046689,137.38796293491296,6473.063391180273,6303.302424445239,79.5565765704801,235.97527100
25,194.13528815962462,90.49392474187421,47.66991623233314,138.16384097420735,6499.655621610094,6332.438707659099,76.72298920901875,214.77657190
24,187.85443558277893,90.83854201829473,46.704989053661315,137.54353107195604,6507.742821666122,6335.815030305295,81.0892493424306,192.20405752
44,465.84105960327673,83.37783942443477,45.37330597752619,128.75114540196097,6242.744315699598,6080.038397132614,79.3280791424421,650.83709380
60,600.3043779959039,79.97111624257471,47.06228940936255,127.03340565193729,6112.217028693058,5953.108067061766,79.13784538861216,621.87019669
58,588.8596629473847,81.57086943330789,45.491258723979584,127.0621281572875,6147.0387744707805,5985.9494130651865,79.51849197217803,680.20265219
70,712.7222583198493,79.83607980111421,47.11361106431614,126.94969086543037,6036.898188569971,5884.465363275301,72.59674549345345,737.83212928
77,785.2960287979548,79.52001183414755,47.14287777553175,126.66288960967928,5967.364324579878,5809.904283926088,77.94002881953497,807.15320734
63,629.7283962431937,82.41127118129138,45.728470400698725,128.1397415819901,6126.998617094261,5964.424048796345,80.1632971165136,647.10234325
59,599.1787194380388,82.4772379881187,46.783484201150685,129.2607221892694,6172.922842752719,6000.595890190996,89.84971457349639,703.87806516
72,738.4368863046991,81.30341814602761,46.215352922836054,127.51877106886367,6039.5892063133015,5874.445814227969,83.83997393918992,770.91650453
37,339.38431442816477,89.99710328248726,46.52385836432929,136.52096164681657,6443.586647934409,6276.263693532065,77.32585111974254,366.66757036
67,674.7619436235839,83.86380389092447,45.53812119435421,129.40192508527872,6122.815018702049,5968.280112692551,70.67110211845466,686.99105231
66,659.5957626236267,84.34812513459096,46.50686496606682,130.85499010065774,6140.83844296511,5971.184920995159,85.30539683524466,753.49649370
82,811.7811710096074,82.34787598260132,45.88841327021841,128.23628925281974,5993.218166677953,5828.356345292395,82.51394540283866,951.71412074
74,768.169097413039,83.11105991609462,46.21355134158863,129.32461125768324,6043.084329414164,5882.236481825548,77.73678767240108,789.12694830
80,802.8283475347781,82.8029152606652,45.98461165122161,128.78752691188686,6013.677659693819,5850.721235907998,80.15350852503684,855.78891951
83,813.8472361692994,85.85067669110725,47.520835528019624,133.37151221912688,6029.825099881129,5858.841783030534,85.13264015935624,867.40375298
53,542.6047496177687,91.33467441612662,45.718752368040555,137.0534267841672,6314.929988741693,6138.422955061795,85.17235926363617,557.35569430
65,647.1522328465364,90.24511124165963,48.176481126108214,138.42159236776786,6215.309624048269,6049.788886807342,75.27562599913165,759.62530024
84,815.6434541045725,87.65796674712988,45.2579188829174,132.91588563004728,6047.293198931091,5891.64185887067,67.99337331315246,846.66707154
78,796.9419528392456,87.32397093866804,47.48953295690896,134.81350389557699,6069.687397399311,5899.3124721399445,83.05095432056532,849.85425384
61,606.5470776143659,92.56073543568158,47.4744123055771,140.03514774125867,6272.811041955785,6098.872289540633,81.37801697932593,611.53555134
54,543.7590082268551,94.96692142555264,46.17859574669197,141.14551717224458,6336.393480631178,6162.707489790822,78.71906941465659,600.05092908
49,504.3025177935763,96.48408821798712,48.4146818543576,144.89877007234475,6382.226638089473,6209.147111044991,76.59543882634125,551.50876276
71,738.2411210387097,93.08377295781922,46.4644889830858,139.54826194090504,6149.460995589779,5979.5951383911815,76.78208424062473,777.16013288
75,768.2039039553995,92.52612594113603,47.27981832066756,139.80594426180357,6120.15946668048,5944.917893174725,82.7154475644719,781.95014318
43,452.91761990024537,100.5619278067333,47.675391395563665,148.237319202297,6441.068904631001,6261.601405405475,78.90557141863542,501.44444621
76,772.9440208013557,103.4322230922561,46.86382518156423,150.29604827382033,6129.656511786686,5940.952743837872,85.27154485637277,824.45545713
