pid,arrival_time,cpu_bursts_time,io_bursts_time,bursts_time,tat,ready_wait_time,io_wait_time,response_time
69,710.4333320984733,59.12644400740224,45.918487347439324,105.04493135484157,567.9238112264193,439.47866873444264,69.3186984845745,711.04881029
56,573.4776328250825,75.00056984388567,45.48692866849499,120.48749851238065,997.7967054731464,857.0749597324639,65.72117589679681,573.93069216
45,480.8718908454746,80.42283045683239,46.61875609784554,127.04158655467795,1331.332562578732,1181.5208039529211,69.38892816897948,481.58471330
42,450.1917309361497,76.16106913744328,46.75277856907868,122.91384770652195,1371.7033872344957,1230.2882348008498,65.25408329620262,450.68887277
41,428.13036056167795,77.75137844733842,46.93976107558056,124.69113952291897,1809.259208794094,1669.4475688076136,62.06026153914206,428.71265253
81,808.0983626951,73.90917029510177,46.933856264687634,120.84302655978942,1494.281353808546,1358.5079888494238,61.86419466401958,944.91840144
68,683.4496584030123,77.25069083850143,46.88866932424715,124.13936016274859,1636.5589944779297,1493.3412360259827,65.96706761344501,683.98314977
62,629.0214264657044,71.87209696422701,46.126551308264425,117.99864827249144,1734.5207694465676,1596.8245836475478,65.8240888347915,630.21877600
55,565.003844242338,76.72193486835728,46.329627743050594,123.05156261140787,2056.2180596389408,1912.7087797277052,66.78734504288002,565.57285818
32,253.60044898135632,73.69703211527019,47.087794535233336,120.78482665050352,2419.715110625164,2282.729015981048,63.28906252884386,254.34078508
22,184.9379819881274,78.45329143973096,46.70948156047433,125.1627730002053,2703.2325354762093,2552.3122868599817,72.46695717649897,188.86230749
20,167.55949049823042,72.72767257578215,46.67291722330476,119.4005897990869,2730.1501445966574,2584.2860300528687,73.13644196800655,168.68238384
82,811.7811710096074,82.34787598260132,45.88841327021841,128.23628925281974,2090.345299489824,1948.6746236728577,59.3227998343649,825.56708769
18,155.2985682536465,79.6215387735524,46.669641807263666,126.29118058081608,2955.4782601392967,2806.5130561159162,69.34366524982573,156.29430784
9,73.70840638687757,77.84367193248328,47.0013982066312,124.84507013911448,3132.643290281191,2989.383501939122,65.41611640958666,118.91784119
71,738.2411210387097,93.08377295781922,46.4644889830858,139.54826194090504,2475.7927132387085,2322.541843210135,60.167097070755744,739.60695589
60,600.3043779959039,79.97111624257471,47.06228940936255,127.03340565193729,2744.4218035175695,2595.918810146894,68.53187712810052,601.11403710
26,205.33395346898365,65.0274038019673,46.597057009631875,111.62446081159919,3241.052531945322,3109.623048730474,66.40207941288148,205.55636730
35,304.4682052423288,68.597572036547,45.685163671254436,114.28273570780145,3191.094769489273,3052.699378313311,69.79781913941468,306.11387721
6,64.61267938220865,80.95634476356412,47.47734470048566,128.43368946404976,3469.3475098404633,3321.3275583853333,67.06360669156459,74.64306038
80,802.8283475347781,82.8029152606652,45.98461165122161,128.78752691188686,2732.5768825092837,2581.332886956632,68.44108029198571,804.79006279
25,194.13528815962462,90.49392474187421,47.66991623233314,138.16384097420735,3482.6611800108126,3330.6048981172576,61.56235715168194,194.56770693
38,364.68920358282793,70.4508783441328,46.45010061943456,116.90097896356734,3400.4597054624414,3261.1246532255154,68.884173892793,365.27814188
29,214.1941861088626,87.24334956565819,46.86645520442203,134.1098047700802,3612.8674979017424,3460.625057282328,64.99909105375536,215.08379245
48,501.7746290161904,72.04847294529776,46.42334484989686,118.4718177951946,3327.6645958752038,3187.4692924289566,68.14683050094959,502.00443996
79,799.7730530912752,75.09517964980301,45.592435923217955,120.68761557302099,3223.995343340778,3082.749243776602,66.15091991437544,800.23812417
14,109.3405765468504,76.94349657485921,44.6551974066784,121.59869398153764,4083.700606758457,3943.255877785135,63.50123239846289,109.68151082
36,334.6270943425049,80.46436316203133,45.67100439087713,126.13536755290845,3979.1820206963416,3835.153259073296,63.56439846101199,336.29474353
63,629.7283962431937,82.41127118129138,45.728470400698725,128.1397415819901,3781.1376423386155,3631.296653394556,67.42971776276966,630.34746861
13,104.1031485127556,77.9302049241226,47.235699723310525,125.16590464743314,4403.714292017576,4258.412550377617,67.37153671583587,104.83826872
84,815.6434541045725,87.65796674712988,45.2579188829174,132.91588563004728,3699.425939879238,3550.698776538114,61.069196593994434,817.14843913
28,212.113653024401,90.20439016444607,47.18357277046689,137.38796293491296,4358.41497830701,4199.536347442442,68.67424070012208,213.46866400
4,31.69770946560905,77.03437375004377,47.2340387310431,124.26841248108686,4616.976959658089,4466.366487883915,73.57609802412884,31.89001018
52,527.1186172976171,78.02527935791336,46.48489398657747,124.51017334449085,4190.676077445861,4044.9633593853696,67.68743870257617,528.08207406
8,72.84667036361222,82.22687319533878,47.84790632947011,130.0747795248089,4683.444245514288,4530.208040408004,71.00933191094582,73.22119791
70,712.7222583198493,79.83607980111421,47.11361106431614,126.94969086543037,4049.204517467703,3903.8710909573365,65.49734670925307,713.47942957
57,574.609706065997,73.57511873656169,46.364954627221536,119.94007336378324,4223.9600208382435,4086.0054251279103,64.37947697377297,574.88167510
51,522.1957777391901,76.92108897859514,47.39779880100524,124.31888777960036,4296.017550872082,4150.309775838073,68.7866860554102,523.30773803
30,221.574152575313,82.86861584881598,45.54926065908902,128.41787650790502,4637.498379672856,4492.187330928246,62.4424328957935,222.79217185
75,768.2039039553995,92.52612594113603,47.27981832066756,139.80594426180357,4201.2846821944295,4045.736010219847,63.02254603344534,768.52031521
7,69.4315020195159,85.69277355145829,45.97076718454036,131.66354073599865,4905.199767740843,4749.658382910223,69.84861127916373,69.61720618
73,747.5010897475015,75.66791912204087,46.80590240617738,122.47382152821827,4289.305376918773,4147.648726566497,65.98873123023623,753.79108408
61,606.5470776143659,92.56073543568158,47.4744123055771,140.03514774125867,4515.793218074962,4359.286212611709,63.94627002757113,606.94686460
46,483.2613569799862,76.54568276526214,45.177258496188735,121.7229412614509,4674.74960030508,4533.528564101113,64.67535343870452,484.80891900
31,248.7682226109529,86.75016499889999,47.498492476540456,134.24865747544044,5008.3719495532405,4852.219133165824,69.40265138851427,248.98278390
5,59.68985958728688,80.35044004822184,47.0291505616442,127.37959060986603,5205.565126325544,5057.177082078179,68.03760419914333,63.00225076
15,111.33753506475063,81.3742484214821,46.36099683608174,127.73524525756383,5216.629525437858,5070.472461306629,64.78281570974542,114.67394840
33,275.73382127990203,85.422090440046,45.6433995889615,131.06549002900752,5142.239669748341,4992.027157734344,64.7904215739502,276.44421364
16,124.09162238003786,72.6579543434092,46.39613827067188,119.05409261408109,5334.342596041673,5193.259040106163,68.4256015921014,124.87416210
34,293.79497418959176,79.39791860366648,47.92329711564759,127.32121571931407,5172.059548862882,5022.058117023003,70.60351323621296,295.66135094
12,94.24710471747393,83.07124000756089,45.79778817737677,128.86902818493766,5434.49284880481,5288.615913652151,62.80569514509713,95.44229219
1,10.111817939818616,70.1956571817181,45.48063481019974,115.67629199191786,5629.14771782994,5493.481316134642,65.47074451358175,10.96518707
21,174.05962405253138,82.12985955183626,46.64600296392263,128.7758625157589,5493.62479042029,5337.818997582561,73.6759332858947,174.07092828
44,465.84105960327673,83.37783942443477,45.37330597752619,128.75114540196097,5214.811223604231,5067.191028592496,64.24235558729833,5341.43970618
83,813.8472361692994,85.85067669110725,47.520835528019624,133.37151221912688,4926.569290646246,4775.597270023198,65.12134393194378,814.44978408
50,515.7539746862841,77.4262544396213,45.80964759564892,123.23590203527023,5237.833605713808,5092.249543412745,68.15780786144148,516.77609357
65,647.1522328465364,90.24511124165963,48.176481126108214,138.42159236776786,5145.106780031221,4991.945065483495,62.916603306066804,679.25648516
77,785.2960287979548,79.52001183414755,47.14287777553175,126.66288960967928,5093.325506431593,4948.32659029063,65.47890430681798,785.90426511
66,659.5957626236267,84.34812513459096,46.50686496606682,130.85499010065774,5270.52636973355,5118.626330485709,67.55191411325245,661.82630656
3,22.24418944583985,88.27268406638483,47.328118085647155,135.60080215203197,5921.52797955249,5770.283724536701,62.97157094939931,24.11105283
47,486.44178743187655,76.87559456049368,47.93400782762385,124.80960238811753,5469.051670138511,5323.951607367215,68.22446821080183,487.63037576
58,588.8596629473847,81.57086943330789,45.491258723979584,127.0621281572875,5377.826927841203,5232.0938500175325,64.16220839036157,593.86477533
10,85.93948073797144,76.45582658758357,47.25686487617479,123.71269146375838,5901.40077618296,5760.581908590909,64.36304100447083,85.94247268
17,146.96126853540395,75.82105863462164,46.21533456741646,122.03639320203811,5875.351851812306,5732.326094317331,67.20469886035531,152.95543233
49,504.3025177935763,96.48408821798712,48.4146818543576,144.89877007234475,5547.313820336989,5385.927682902519,64.90204921648137,505.48535988
64,644.5262857789493,76.74186869800722,46.397943974284786,123.13981267229201,5423.780751645155,5281.245434315764,65.79344863138533,644.91660696
59,599.1787194380388,82.4772379881187,46.783484201150685,129.2607221892694,5562.420713303017,5414.304200768325,65.63927454657312,677.03666978
54,543.7590082268551,94.96692142555264,46.17859574669197,141.14551717224458,5633.596758098696,5478.084850657862,60.54498601528417,546.69435502
67,674.7619436235839,83.86380389092447,45.53812119435421,129.40192508527872,5545.324122426979,5396.486139442859,64.97417909319415,675.36497301
19,160.06280695593318,86.77336080427143,46.92391625095586,133.69727705522726,6151.845191925461,5998.402908495007,66.66892262618151,160.79401700
2,12.7349319852423,74.85978873706293,46.0019186400267,120.86170737708963,6352.608903368797,6205.828941707588,71.92017292414434,13.97905429
0,6.867744622052211,78.55775813650506,45.950542861498484,124.50830099800355,6390.547788142881,6243.014950669307,68.97507933707075,6.86774462
72,738.4368863046991,81.30341814602761,46.215352922836054,127.51877106886367,5704.430923885674,5557.6836064580575,65.44389928159137,738.48043323
37,339.38431442816477,89.99710328248726,46.52385836432929,136.52096164681657,6150.2968930207835,5995.797864241655,64.50192549664274,341.02298189
24,187.85443558277893,90.83854201829473,46.704989053661315,137.54353107195604,6307.493837132395,6147.528351046985,69.12694406711478,188.10687237
53,542.6047496177687,91.33467441612662,45.718752368040555,137.0534267841672,6047.727682332524,5893.449028835422,62.943979080975055,543.63812540
74,768.169097413039,83.11105991609462,46.21355134158863,129.32461125768324,5822.213888765751,5674.544322670965,64.55850617868828,768.64393817
40,426.0942885268919,82.31125687284575,45.04195310597978,127.35320997882553,6172.976571108742,6027.749670719765,62.91564351612834,426.20465427
76,772.9440208013557,103.4322230922561,46.86382518156423,150.29604827382033,5931.792661626574,5766.627469647045,61.73296888727725,774.15343199
39,405.1848624071964,71.45520771316292,47.888659913234,119.3438676263969,6306.209403497245,6163.086580323145,71.66761546093318,405.31039237
23,187.46574272475934,76.15962318622766,46.10056222102032,122.26018540724799,6538.613971184627,6393.442392068128,69.0119559302706,187.76359038
11,87.00952460612191,85.17817234629837,45.94796304900015,131.12613539529855,6691.969611331376,6540.778570446896,66.01286853817885,88.27959165
27,212.09706468428652,82.32810917425947,47.427952568205946,129.75606174246542,6623.860725425409,6470.410324419865,71.12229183128687,212.65513261
78,796.9419528392456,87.32397093866804,47.48953295690896,134.81350389557699,6081.573636796321,5928.984102991873,65.2655628657808,797.29174352
43,452.91761990024537,100.5619278067333,47.675391395563665,148.237319202297,6470.026361786064,6314.453416736098,55.0110172432324,463.47775321
