pid,arrival_time,cpu_bursts_time,io_bursts_time,bursts_time,tat,ready_wait_time,io_wait_time,response_time
1,10.95299992437995,71.77190757595794,46.1619467141897,117.93385429014765,3621.9804434581556,3472.534603243083,77.67393263913817,12.17133725
0,6.434503302263843,86.56947836324322,46.140683391038756,132.710161754282,4414.972050960202,4250.114860521619,78.28771207535569,6.43450330
4,39.14129890618839,76.8653667276176,48.351726062219925,125.21709278983751,4807.069945483227,4648.980064250154,81.22451450545513,41.65626745
2,22.89828459087599,83.57338732988715,47.10209976283709,130.67548709272424,4917.936075683921,4757.902780817703,76.45990753632542,25.25082700
3,25.940053850668793,87.27359349677053,45.77496932195027,133.04856281872082,5209.704082316475,5048.451492866237,73.97899595344944,26.16973936
7,70.55928105594582,79.81763678386169,46.224910216963174,126.04254700082487,5264.069700932037,5109.052038519901,75.20002562825293,72.31298696
13,145.5724716324736,72.43889306820101,46.684303236887814,119.1231963050888,5292.7599403783515,5142.729700691501,77.59134661862348,155.04926886
10,112.51736183630399,75.56951073220004,47.56041287014293,123.12992360234298,5333.3290024378675,5179.377877132582,78.38161457305716,118.01619863
18,193.89152071620134,68.90065118970224,46.67353865912491,115.57418984882716,5256.108100870718,5113.216548570652,73.99090111033408,195.55883562
8,79.22030923895872,79.22898476717259,44.77468302422281,124.00366779139537,5380.842481054613,5228.821710520379,72.79178576703382,79.89426736
15,159.21420798601284,72.39561119873562,47.80239204803014,120.19800324676578,5346.855681858556,5190.282399124444,84.17767153534649,165.77196617
20,226.72637085149947,69.60145862296788,45.89638391165723,115.49784253462511,5319.243007818353,5176.720501088935,72.92104810641987,232.21816174
11,126.05936636672851,76.0743146028591,47.509944516586316,123.58425911944545,5428.2896087869785,5272.87555100195,79.339743182136,143.10634177
16,159.53085456127815,76.11263977197332,47.67488302017081,123.78752279214413,5626.5976500965635,5474.118926493641,76.36608383090658,162.31489322
19,210.586053214757,73.44450773398533,47.13117711767375,120.57568485165905,5616.871087232265,5459.276812958915,84.14976653931876,224.05287026
29,315.22700969404644,70.96854508641691,46.34761597912527,117.31616106554219,5608.961078747038,5465.380343215345,72.61219044522909,323.45254936
37,390.21847897212297,68.74924559674886,46.75354856795657,115.50279416470542,5553.499611910933,5407.695713853032,77.05465246109816,403.49055313
26,286.9529934370687,73.32541644308131,46.202908352499485,119.5283247955808,5722.277388111405,5564.595979936008,84.35599173226365,308.64285694
5,47.72468364528477,94.30767090697891,47.63614171698874,141.94381262396763,6065.455793248159,5891.00979558699,80.13832675413073,48.44471977
49,545.7964372954065,68.12097381372725,46.11939062167552,114.24036443540277,5608.681475106615,5458.024568694861,82.53593259796992,588.32110285
34,362.8863170305355,72.72047449168745,46.931343718287486,119.65181820997496,5815.050660423866,5661.141688333289,81.1884975988275,382.51650406
27,299.8916272391585,76.21349806295635,46.29387056399913,122.5073686269555,5891.288772796416,5739.465947877466,75.60932685593491,319.94768418
47,523.8265736702261,70.16546458991179,46.66526012319212,116.83072471310389,5679.159093491166,5531.397309859869,77.59631904132061,577.67727273
41,419.0680995328407,72.62483504263378,47.1140718991738,119.73890694180756,5784.728299737257,5634.453214668439,77.65025002612236,429.91041330
42,432.06821765802255,71.91169762104435,46.16678676331173,118.0784843843561,5778.246854525003,5628.55135708338,77.78379982051206,477.49353857
14,148.23415731813301,85.1229517393991,47.50262550568138,132.62557724508048,6133.454626998522,5965.120147331082,83.21152792797238,150.73931709
9,84.71591730100957,92.53271720835046,47.65561221504166,140.1883294233921,6203.277817975185,6030.667256051855,80.07784471490596,98.49986780
78,787.1382096968549,67.50638726481047,47.70704261160438,115.21342987641484,5531.18649389067,5381.042276379043,82.6378302467549,801.38570722
17,178.49771624725506,84.35704526775037,47.23745834420619,131.59450361195655,6172.832350088579,6009.142215740112,79.33308908064589,181.68536012
21,236.48166060628031,82.12928061107748,46.76650374985302,128.89578436093046,6124.787305639449,5957.382394929687,85.2756300986149,244.38761173
12,136.61500563663225,88.2717101695844,46.806943952292364,135.07865412187675,6268.056765700338,6094.280975404541,85.50408012613002,144.18711735
25,283.3269308261059,81.62607432129353,46.58193662800235,128.20801094929587,6144.237600003694,5981.543425852039,81.06809983028421,302.82630315
35,364.5160814217339,78.47070531895697,46.223317979184905,124.69402329814187,6068.019751553817,5910.021171115255,79.5278751195259,377.56976006
6,52.443661635132926,101.78857589988642,46.86100655938864,148.64958245927505,6484.74503343742,6310.120290989757,72.83616654768917,57.98612330
70,707.7312929483726,74.2858944375859,45.99072394862636,120.27661838621225,5876.946196429955,5719.539570902461,83.12073108982452,753.36352203
48,526.9117654955711,77.02067036508144,45.817013068613846,122.83768343369529,6070.893632540127,5921.050616200624,72.82234597433524,531.21473170
64,621.0617218763624,76.00875074487944,47.07629608392516,123.0850468288046,5992.158324583596,5841.007293950017,75.14227988861467,668.67132823
60,593.8575568533022,76.31416997874221,47.002802955284075,123.31697293402628,6030.658468881105,5875.163946068924,79.18035283334757,604.89420774
40,402.4304841467137,81.4906652340955,46.20978416273496,127.70044939683046,6230.804546387856,6075.1530516226785,74.16082953099612,413.20942490
62,610.7945229752381,77.20905957942652,46.29049767366056,123.49955725308709,6039.97473899388,5882.784082492791,79.98159692157412,837.15878224
83,886.878344197309,72.56516307794402,46.353320580616995,118.918483658561,5768.464810966764,5611.621730863642,84.2779170250891,925.17590951
38,394.1235768381518,81.96009888697237,47.43884984529474,129.39894873226712,6271.803464628541,6101.836280574303,88.00708516717464,426.35552547
23,238.2375298470071,88.09433312669374,46.551415714507726,134.64574884120145,6431.314976998378,6257.81924226576,85.40140160582848,262.65536346
30,316.7183332465687,85.2600228101085,46.9380650163701,132.19808782647863,6376.051257326894,6214.805538407231,75.985696109456,424.45100809
28,304.112685898299,85.68063727209683,47.27860506735276,132.9592423394496,6392.566069476394,6215.62906602428,91.25636617992012,406.29367584
76,782.6937756567147,75.45026813869276,47.54014154898181,122.99040968767457,5918.470360297597,5758.275340132203,84.74475202660437,825.64682337
66,656.4366379822541,77.46795134878323,46.55719966370805,124.02515101249126,6046.441127006028,5882.286248975449,86.68692668169979,668.94563981
36,380.5085920909434,83.45874960996318,46.62471107690961,130.0834606868728,6330.629550764912,6170.886359295953,76.2844418589051,383.74595222
54,578.1748761195712,79.81861639165483,47.12033699810313,126.93895338975793,6136.109403985043,5982.934193731428,73.3565938618624,626.82759014
75,769.4410783596303,75.64218282562123,45.721748298260486,121.3639311238817,5948.42083250305,5796.957600106851,75.8210495704817,776.48755077
56,582.6669545292475,79.09831717051351,47.13110583054161,126.22942300105512,6145.891578453677,5986.115373866137,80.67788741693278,609.09266672
43,480.81537647823643,82.24627028595026,47.16019322093498,129.40646350688525,6264.805235066536,6103.584747443707,78.97421733678016,499.18854692
57,586.7671581019658,80.0108662660196,47.31780463223458,127.32867089825417,6175.736187056349,6018.76289580725,76.96242498297477,648.06092142
46,519.2348872894678,82.38229472001174,46.99018368452613,129.37247840453787,6264.139909220734,6104.502655784099,77.25495871652947,531.98079098
22,237.29824066077234,91.65266549301144,47.40819824030028,139.06086373331172,6548.187539649884,6386.490078925015,70.04479523175016,241.29679146
58,589.7627214282636,81.14420344814305,46.00526389021913,127.14946733836217,6197.599387837393,6029.027859308226,87.42732508092706,663.77475825
81,867.4966098415974,77.31355864632856,47.05878750916388,124.37234615549247,5938.3352716882455,5779.613514994244,81.40819804756757,905.60902627
65,636.4925627040084,80.9827482891991,47.439853270354824,128.42260155955393,6173.879702481516,6008.871640163831,84.0253140283769,654.67836254
61,608.6944084852734,82.60329235626385,46.50112062684951,129.10441298311338,6219.291407859087,6065.884975513037,70.80313998967551,680.16295616
32,336.06136156406933,89.45473814010005,47.34479548578511,136.79953362588515,6502.265107391573,6336.652816435689,76.15755281567613,349.74189256
52,565.9694859463928,83.20219096473134,46.54089067009589,129.7430816348272,6274.544501825482,6112.942238793489,78.40007206715677,580.25799462
82,876.6395558452689,79.30834558632341,47.261730891258615,126.57007647758202,5967.428141995516,5817.279589809146,70.84020659993155,921.95578671
31,323.4210261354829,90.73019826939333,46.030729701322414,136.76092797071573,6525.94221373404,6352.1115715297,83.10044393483645,337.27401996
55,580.4791790552762,84.46857607140318,44.002774776672844,128.47135084807604,6275.845205278909,6109.488750670293,81.88787853709596,611.47062801
45,519.222268786386,85.52470622912924,45.2823428932682,130.8070491223974,6342.9737834214775,6181.312143655536,76.13693353670112,592.69351267
59,591.1023349328577,84.60060858829213,47.40180083925392,132.00240942754604,6280.551083754849,6119.931589753725,76.01888541271012,607.29666891
33,345.56740168395123,91.24856708406462,45.022183102844394,136.27075018690903,6531.486684490955,6355.549297376173,84.68882003059434,354.96648205
44,506.52834861060455,86.67267297995532,46.69336831401272,133.36604129396804,6371.698780510443,6200.552984974254,84.47312255611939,514.79324842
51,553.9953957684888,86.236161312779,46.235988901005214,132.47215021378418,6325.52501639993,6162.451020487459,76.83783459957897,567.77331288
24,273.3979255281503,94.47862838881699,46.60255727506538,141.08118566388237,6606.501303873782,6433.766087132061,78.25658835278205,277.23450872
67,668.6160868364287,84.58408529471357,46.63092491097454,131.21501020568812,6219.472426815322,6056.324145894461,78.56419562603025,706.23610216
39,401.92381531669196,90.40925307412795,47.579370799088096,137.98862387321606,6486.745162680114,6314.633007900766,81.70290170509458,409.17366328
77,784.854963104918,82.5016475890352,46.026587095886605,128.52823468492184,6104.516772951273,5947.845120142489,74.170005219627,895.17779825
79,794.690375563353,82.97699502869418,46.85072876839485,129.827723797089,6095.513017223231,5924.170640191104,88.36538200331142,801.68309219
72,737.9196274865224,84.0913627906482,46.97684637165212,131.06820916230032,6156.132608988943,5999.11629503008,72.92495116809641,785.28411135
63,612.128271790642,86.49615036231825,46.63587292785029,133.13202329016855,6284.292959714196,6116.388178750804,81.40863060094853,623.57536296
50,546.327412777153,88.41085189903534,45.68296487989452,134.09381677892986,6358.474782724901,6183.682448231468,86.38148259426907,573.87013725
68,670.7260729522575,89.13516891151129,47.45910770767091,136.5942766191822,6258.165877096638,6090.467731623408,78.56297656158449,677.15947939
73,767.1660561130449,88.34154805707317,47.595939265062704,135.9374873221359,6166.077528433844,5996.481145139846,81.25483523678747,780.83372039
80,839.3238080689097,88.4998049548047,46.91481140610704,135.41461636091174,6098.517380647816,5927.325935577262,82.69164011561054,861.50010282
74,769.2495112814028,90.32410190296086,44.70052463346286,135.02462653642374,6173.526897543737,6005.898910758375,77.30388488226652,804.51507765
71,708.8374144693156,91.87916205304379,45.841144193168226,137.72030624621203,6235.603918585644,6063.263023312987,80.46173321946958,741.32395157
53,577.3484045747186,94.0589042533201,47.02397271146366,141.08287696478374,6367.816081645082,6195.135668512877,78.62150887873577,619.85313228
84,904.3509943041688,93.63462724321198,47.352988188451185,140.98761543166316,6050.165805821052,5880.356440003191,76.17473857448772,926.77652630
69,671.2153414868243,100.93075752645572,45.98177960420225,146.912537130658,6287.571752527764,6108.779526347802,77.86146865333808,810.34165266
