pid,arrival_time,cpu_bursts_time,io_bursts_time,bursts_time,tat,ready_wait_time,io_wait_time
0,8.59532387307372,37.15976733315758,7.172102718518289,44.33187005167587,240.3800157211612,195.234820806474,7.985427581529525
2,41.075231383482766,18.00872478441343,3.88346620394028,21.89219098835371,223.40755128065817,200.5683748307718,4.830451665472907
6,68.97396510050098,15.691521982759925,2.734363098579907,18.425885081339832,273.63066777574943,255.15841968345583,2.7807261095335605
11,97.11684019434288,13.152264449224312,2.322321824105337,15.474586273329647,316.86552236702846,301.39093609369866,2.3223218241053445
1,19.073571079635595,37.24849384681079,5.722286058878389,42.97077990568917,440.02077917007995,396.65086427136606,6.121421051903003
3,41.63875362586584,26.711851127420204,4.025596114012647,30.73744724143285,485.7624208479704,454.15054239657564,4.900027323974385
15,134.77133863948748,13.550111040512611,2.975129809163974,16.525240849676585,432.8302849562738,415.8933270765461,3.38684683921511
5,63.49271928832054,24.909491167770025,3.334539684927389,28.24403085269741,577.0795548522514,548.7487478834213,3.4213158010602456
10,86.13765577281151,21.223437229537527,4.451796250034296,25.675233479571823,576.9874455283966,550.8396927800729,4.924315518786003
14,116.81126008835157,18.096075583073482,4.573327246370819,22.6694028294443,555.5189170998917,532.0747459106959,5.348095606122342
19,187.93559047201464,13.820893767055718,2.923494251594338,16.744388018650056,547.107964968419,529.7844486151071,3.502622586256223
23,205.35539062271803,14.703753657699814,4.557839081970684,19.261592739670498,574.3347674349117,554.7599616251383,4.87105215207356
33,316.26198936784067,10.630490729842913,1.4498914993361036,12.080382229179015,473.9425514890564,461.2853989165103,2.0266618427033336
7,73.7047513375574,23.646686974528613,5.743294874665028,29.389981849193646,731.1427865365013,700.6817655103172,6.814334051655592
21,193.30170815816086,19.692371332071932,3.3296450506320214,23.022016382703956,765.7026045309826,742.527670860548,3.48256233836301
16,168.0346238829511,19.999797369375166,3.3913882345323607,23.391185603907523,813.3881080576589,789.5319360275655,3.8563746607185294
43,482.486202547933,9.713181302100192,2.5125557685816373,12.22573707068183,524.1927071041405,511.75976841589676,2.719757386143897
24,207.83429195413277,19.868920486292883,3.071715241931212,22.940635728224095,831.1887181088505,807.60777957209,3.7120180504680036
13,109.46579460311091,28.693303458874162,3.8387769676880508,32.53208042656222,1065.4172282517009,1032.6285256400665,4.095399152760621
17,170.56517812649417,23.404040243219786,3.8356969765699853,27.23973721978977,1018.0049910500945,990.2766324567679,4.324318350107433
37,388.42361996367015,16.4998782750752,3.123125599914991,19.623003874990193,802.177387849608,782.173991839863,3.5035177346701403
12,108.4351720676397,28.81423682104571,4.927001437386521,33.74123825843223,1094.9571488174913,1061.21591055906,4.927001437386565
40,470.9868408952123,13.217978606834425,2.933156399652261,16.151135006486683,735.7823736869207,719.308063408285,3.2563316718018314
36,337.7469850354847,17.02022157224142,4.018123119590888,21.038344691832307,884.555965619004,863.1867366214858,4.34900742527725
56,634.1274096949842,10.27365586132289,2.77198360282693,13.04563946414982,612.6513099676438,599.6056705034944,2.771983602826822
9,83.29659725880592,30.32673069046764,6.225079410270697,36.551810100738344,1196.9478758484745,1159.5264448736682,7.0947002843391545
35,333.2883399702474,19.285521797159358,3.7948527690116975,23.080374566171056,964.1477272289984,940.2755260614648,4.586679370374725
26,225.0877428516942,20.32876422916449,5.951981554910163,26.280745784074657,1085.7495607465908,1058.1172713231647,7.303525194262193
47,529.5423807655922,14.202683027270195,3.3959581088553277,17.598641136125522,850.0028285807188,832.1432948042717,3.6568507491774653
27,225.93213487925544,26.396819183231013,3.9469467502459223,30.343765933476934,1238.3577304247926,1207.6561160410643,4.304795200498347
62,750.6831040810289,11.333939096017168,3.4144164861576884,14.74835558217486,746.343322746337,731.5949671641623,3.4144164861577337
32,307.37104962297695,25.39740246497527,3.2032254481141313,28.600627913089404,1208.8265638856658,1179.9607475997063,3.468413820985006
4,53.67527681207437,45.129356569609655,3.8616292985242673,48.99098586813392,1495.9192973045592,1446.1476561340628,4.642284600887955
53,583.3996311167494,17.738152063519166,3.5310997808280726,21.269251844347238,1023.5765364750067,1001.8722152518774,3.9661691596108994
42,481.5220517633033,22.145571190344565,2.7311424424798285,24.876713632824394,1125.7043659903861,1100.425825855603,3.132968944439426
38,407.7667229101446,21.4377012182701,4.909581041434698,26.347282259704794,1201.1666643455337,1174.81938208583,4.909581041434421
39,426.5078001592841,23.458982835357688,3.2493585457573504,26.708341381115037,1207.1833432188737,1180.4750018377595,3.2493585457575023
31,298.08401738748546,29.353752866905914,4.227569741450405,33.581322608356324,1338.5302376310378,1304.9442206912497,4.232264072883368
22,195.71035928424314,33.182345129675994,4.052722341234667,37.23506747091066,1484.7620985034946,1446.295591495973,5.284161877846458
46,494.50881306027105,23.80182307963475,2.6904551743060514,26.492278253940803,1227.3902833307716,1200.3547799656037,3.233680285534092
72,968.1400982108406,13.01133773059739,3.0559182231181543,16.067255953715545,802.3791156419676,786.3118596882526,3.055918223117942
18,183.2949434556249,34.25417740788427,5.7348888645123335,39.989066272396606,1589.5350222886202,1549.2538085058457,6.0270363748908835
20,190.9274566898611,35.724792159081545,3.996185353869117,39.72097751295066,1598.1013392634777,1557.868451777435,4.508095326962518
61,748.6890958907826,20.291191764110664,2.1829644574872695,22.474156221597934,1044.2117452646798,1021.6224487597123,2.2981047408579798
68,929.0977099317281,12.35543481783275,4.737230684788616,17.09266550262137,896.0261135147257,878.5259157501077,5.144762946785704
8,78.67361472902311,46.776278202586205,4.267098388103662,51.04337659068987,1778.6680739979565,1726.7781872984592,5.113608496912164
41,481.47644105643394,28.135982211623716,3.3708420035720454,31.50682421519576,1395.040711573938,1363.1674354569325,3.737293905383467
49,564.8044817970465,26.471431200156918,3.1662254204084403,29.637656620565355,1316.7302474971789,1286.472876181545,3.7859401154782972
28,258.1582806017929,36.89564472030487,3.905220972399886,40.80086569270476,1655.5985192461806,1614.002212172615,4.700662353262089
80,1054.9098502101479,15.246804586265718,3.5833081935275,18.830112779793218,871.8376329717253,852.6142911459212,3.9765372395388567
51,566.5802040380686,26.726457130038245,3.230106817688515,29.95656394772676,1365.2667566249563,1335.26757306914,3.2727264257792967
30,279.01759966884117,33.60692854863339,6.179630009662782,39.78655855829617,1661.1900204336757,1621.1589747014182,6.424117183625242
59,695.7770824317662,23.399086827278968,5.024850488583191,28.423937315862158,1255.7732559099863,1227.2312177187468,5.142951363961515
25,216.71147941205766,38.56269972223579,5.3414996469179945,43.90419936915378,1735.5997205948192,1690.832248293647,6.204772578938133
58,672.280624259387,23.15325500989615,5.1101303100389375,28.263385319935082,1287.6053877718869,1258.9662409575296,5.485891804461858
76,988.5068283859841,17.709902154562872,5.5472473179655495,23.257149472528422,971.474265733475,947.547521750492,6.216841828420684
54,615.1685587812544,27.73473186115192,3.668535810743149,31.40326767189507,1392.3766271048526,1360.9019552616928,3.7399399820092185
82,1065.067939098909,19.55169143839722,2.720197548907934,22.271888987305154,948.3304131662078,926.0585241789038,2.7201975489078905
29,258.5173185634872,39.1221201535366,4.846227071610619,43.96834722514722,1778.1770791611389,1733.0636588440977,5.991300163506139
48,535.1445445655916,31.13877828295268,4.433034082931299,35.571812365883986,1508.7960752473543,1473.144183177592,4.513113786811346
55,622.5819934021002,30.386624446169584,4.35050113782886,34.73712558399845,1441.4990345643528,1406.4743229477601,4.638087170424001
66,886.9603333499485,26.667696516849006,4.1504412400854465,30.818137756934455,1219.5454120826635,1188.197929299044,4.679786266771316
63,771.9673621251998,29.629977542241853,4.1980454149650726,33.828022957206926,1359.533760666434,1325.5935176530943,4.310265471098546
57,640.0546530285716,33.45324612552986,3.552596843725611,37.00584296925547,1495.6687432139656,1458.6332865004813,3.5822105879549326
64,818.4943255496046,29.63584150550549,4.983510049436769,34.61935155494226,1318.4963778291403,1283.6429299084189,5.217606415216778
71,966.6113660430083,27.486246099538423,3.604585519874562,31.090831619412985,1174.1065284755991,1143.0156968561862,3.6045855198748313
44,491.7472393825845,37.10441988940814,6.372282196706307,43.47670208611444,1666.2760792740244,1622.7993771879105,6.372282196706237
52,572.2567842323375,36.72023810779635,4.148856091241703,40.86909419903805,1588.0876222708794,1546.9238063370715,4.443577826011733
50,564.924750903844,40.34667407568114,4.828571631458555,45.17524570713969,1638.1700361881944,1592.6579904488742,5.165371663639803
69,959.4609481050622,31.258898411280136,3.245459450984047,34.504357862264186,1250.2768436226513,1215.1001007831587,3.917844428211538
34,318.1801996498069,48.02403432340202,6.223321893893473,54.247356217295476,1891.7085656567106,1837.461209439414,6.2233218938941945
78,1014.9899467993862,30.46230480600817,4.797712230694691,35.26001703670286,1196.2598117044079,1160.829942909269,4.96756398913044
79,1026.8530412449459,31.72430359597893,2.773083226844677,34.49738682282361,1186.392864037883,1151.8954772150598,2.7730832268446193
45,493.2311363347297,44.53944961189131,4.035260241930715,48.57470985382203,1728.2917563209492,1679.7105136918794,4.041793017178293
60,709.8884980326909,36.884994262720795,4.799155266106632,41.68414952882742,1513.396966153008,1470.915788351474,5.59618353881217
83,1092.6095440177842,31.294929921461808,4.169296513426548,35.46422643488836,1146.2991357642309,1110.5440083166798,4.46019752608845
70,959.8103644698502,35.93677980796909,4.9543306534878235,40.891110461456904,1288.9538340176473,1247.9822559969778,5.034798212698661
73,973.0230901730354,36.71431820909069,3.979569449873461,40.69388765896415,1276.4736528902947,1235.5543400784734,4.204994602729698
67,912.2620745397129,37.0444334052522,4.766679084602201,41.8111124898544,1347.163555277833,1304.9340088932609,5.18511297931866
65,854.3777991395812,40.10190481321008,4.291962635789163,44.39386744899926,1405.531267269431,1361.1203606463523,4.3090018098675955
81,1061.699681655034,37.64409655929838,4.58972309755711,42.23381965685549,1205.486322224504,1163.1843004733007,4.657925191902905
75,984.2325753940602,42.0180641011818,3.558699067940869,45.57676316912268,1288.8829941548886,1243.1362742281901,3.7286558255134423
74,978.3961182662692,43.380202609027606,5.267581512831178,48.647784121858784,1303.5489846638502,1254.077586965409,6.091195089409894
77,998.0701451286423,61.27354901997286,6.597503331118155,67.87105235109101,1302.2164115376954,1234.0516596268196,6.891202890896466
