pid,arrival_time,cpu_bursts_time,io_bursts_time,bursts_time,tat,ready_wait_time,io_wait_time
0,8.59532387307372,37.15976733315758,7.172102718518289,44.33187005167587,75.85860059886525,30.749360298499173,7.949472967208489
14,116.81126008835157,18.096075583073482,4.573327246370819,22.6694028294443,46.09656030804787,23.048280003147937,4.9522047218264476
15,134.77133863948748,13.550111040512611,2.975129809163974,16.525240849676585,30.92239976481727,13.974332489655524,3.397956234649172
6,68.97396510050098,15.691521982759925,2.734363098579907,18.425885081339832,121.35224300376115,102.9263579224213,2.7343630985799194
23,205.35539062271803,14.703753657699814,4.557839081970684,19.261592739670498,41.772595124865404,22.21966047151878,4.849180995646833
26,225.0877428516942,20.32876422916449,5.951981554910163,26.280745784074657,68.47708537786338,41.41181135078682,6.736509797912163
7,73.7047513375574,23.646686974528613,5.743294874665028,29.389981849193646,230.72835823923157,201.03991217127694,6.0417590934260375
10,86.13765577281151,21.223437229537527,4.451796250034296,25.675233479571823,282.9297939625474,256.6950289557583,5.011327777251481
11,97.11684019434288,13.152264449224312,2.322321824105337,15.474586273329647,294.63027819415623,278.84315500605845,2.6348587388734614
9,83.29659725880592,30.32673069046764,6.225079410270697,36.551810100738344,330.1193660456729,293.0839014746462,6.708733880559109
37,388.42361996367015,16.4998782750752,3.123125599914991,19.623003874990193,45.997254606612614,26.374250731622453,3.1231255999149994
38,407.7667229101446,21.4377012182701,4.909581041434698,26.347282259704794,55.83860246118718,29.33943073953361,5.061470503383532
36,337.7469850354847,17.02022157224142,4.018123119590888,21.038344691832307,162.36188744823323,140.72612214075207,4.615543735239726
17,170.56517812649417,23.404040243219786,3.8356969765699853,27.23973721978977,345.45890258512804,317.75787344286766,4.2969888990406275
40,470.9868408952123,13.217978606834425,2.933156399652261,16.151135006486683,55.69534135347698,39.29078173955435,3.1865810070881935
43,482.486202547933,9.713181302100192,2.5125557685816373,12.22573707068183,45.71667057965203,33.38865300968632,2.614836267865485
47,529.5423807655922,14.202683027270195,3.3959581088553277,17.598641136125522,75.1047270698715,56.776107845108754,4.125936197492365
19,187.93559047201464,13.820893767055718,2.923494251594338,16.744388018650056,460.9828876903024,443.41160449744916,3.750389425797607
56,634.1274096949842,10.27365586132289,2.77198360282693,13.04563946414982,34.38798785195684,20.76227924115551,3.352052749478503
35,333.2883399702474,19.285521797159358,3.7948527690116975,23.080374566171056,386.6505974231203,363.3151035960999,4.049972029861124
59,695.7770824317662,23.399086827278968,5.024850488583191,28.423937315862158,69.40230182214259,40.616863858957004,5.386351135906466
2,41.075231383482766,18.00872478441343,3.88346620394028,21.89219098835371,743.4142076994472,721.2656363883774,4.139846526656221
33,316.26198936784067,10.630490729842913,1.4498914993361036,12.080382229179015,470.36904021700764,457.8826032739571,1.8559462132076305
62,750.6831040810289,11.333939096017168,3.4144164861576884,14.74835558217486,51.54833634833369,36.11504089220114,4.099356360115507
21,193.30170815816086,19.692371332071932,3.3296450506320214,23.022016382703956,619.0341832216596,596.0121668389555,3.3296450506320525
31,298.08401738748546,29.353752866905914,4.227569741450405,33.581322608356324,518.7749856327009,485.1936630243445,4.2275697414502815
46,494.50881306027105,23.80182307963475,2.6904551743060514,26.492278253940803,361.0334934743159,334.5109234063261,2.7207469883549606
5,63.49271928832054,24.909491167770025,3.334539684927389,28.24403085269741,812.2861598945581,783.8451729886509,3.5314957381369254
64,818.4943255496046,29.63584150550549,4.983510049436769,34.61935155494226,92.17898579203995,57.0840890322263,5.4590552543081685
51,566.5802040380686,26.726457130038245,3.230106817688515,29.95656394772676,365.63569317907445,335.6791292313478,3.2301068176884655
16,168.0346238829511,19.999797369375166,3.3913882345323607,23.391185603907523,805.686540537749,782.0894755708111,3.597267597562677
68,929.0977099317281,12.35543481783275,4.737230684788616,17.09266550262137,115.1937665958435,96.85847113949455,5.979860638516016
72,968.1400982108406,13.01133773059739,3.0559182231181543,16.067255953715545,78.26732584682816,61.6216392365435,3.634348879687195
76,988.5068283859841,17.709902154562872,5.5472473179655495,23.257149472528422,81.47961142955637,58.069661105949535,5.700048169043498
80,1054.9098502101479,15.246804586265718,3.5833081935275,18.830112779793218,50.7461217589987,31.211098342150535,4.288218830582764
78,1014.9899467993862,30.46230480600817,4.797712230694691,35.26001703670286,115.20040053780758,79.7339751663693,5.0041205654302985
67,912.2620745397129,37.0444334052522,4.766679084602201,41.8111124898544,253.4151889796641,211.6040764898096,4.766679084602174
82,1065.067939098909,19.55169143839722,2.720197548907934,22.271888987305154,116.70900744655569,94.22766685134161,2.929649156816822
71,966.6113660430083,27.486246099538423,3.604585519874562,31.090831619412985,253.4356902109064,222.33660779308093,3.612836318287009
63,771.9673621251998,29.629977542241853,4.1980454149650726,33.828022957206926,519.7448039550482,485.32928594865075,4.785540464155929
58,672.280624259387,23.15325500989615,5.1101303100389375,28.263385319935082,622.0562147286441,592.8887591578862,6.014200560862037
39,426.5078001592841,23.458982835357688,3.2493585457573504,26.708341381115037,904.367085348939,877.6587439678236,3.2493585457574454
41,481.47644105643394,28.135982211623716,3.3708420035720454,31.50682421519576,899.8086240628465,867.4626291440508,4.210012707172098
83,1092.6095440177842,31.294929921461808,4.169296513426548,35.46422643488836,312.5149730604021,276.39020202631104,4.82984111262931
53,583.3996311167494,17.738152063519166,3.5310997808280726,21.269251844347238,831.2449729323254,809.915129782575,3.5916910862309805
1,19.073571079635595,37.24849384681079,5.722286058878389,42.97077990568917,1417.2995722947571,1374.0419510573495,6.009127390596522
27,225.93213487925544,26.396819183231013,3.9469467502459223,30.343765933476934,1227.625004614632,1197.0753254219042,4.152860009497232
42,481.5220517633033,22.145571190344565,2.7311424424798285,24.876713632824394,987.245177296181,962.3684636633566,2.7311424424799498
24,207.83429195413277,19.868920486292883,3.071715241931212,22.940635728224095,1278.0284431090347,1254.5628225576886,3.596700065053284
70,959.8103644698502,35.93677980796909,4.9543306534878235,40.891110461456904,555.0196914303261,513.9679936834161,5.114917938940835
54,615.1685587812544,27.73473186115192,3.668535810743149,31.40326767189507,958.8552759580978,927.4520082862027,3.668535810743151
65,854.3777991395812,40.10190481321008,4.291962635789163,44.39386744899926,757.2822688858621,712.3990179030617,4.7813461695903925
44,491.7472393825845,37.10441988940814,6.372282196706307,43.47670208611444,1133.205156412623,1089.4402066454622,6.660529877752197
18,183.2949434556249,34.25417740788427,5.7348888645123335,39.989066272396606,1478.8712646540566,1438.1388748492484,6.478212396923851
3,41.63875362586584,26.711851127420204,4.025596114012647,30.73744724143285,1630.9438259961373,1600.000809172602,4.231165696115006
29,258.5173185634872,39.1221201535366,4.846227071610619,43.96834722514722,1438.4048429129289,1394.4364956877816,4.8462270716104285
25,216.71147941205766,38.56269972223579,5.3414996469179945,43.90419936915378,1480.971543729483,1436.7820435931062,5.62680041414086
13,109.46579460311091,28.693303458874162,3.8387769676880508,32.53208042656222,1614.202206357235,1581.3027601045408,4.206142793819993
69,959.4609481050622,31.258898411280136,3.245459450984047,34.504357862264186,841.2210068354052,806.716648973141,3.2454594509840717
12,108.4351720676397,28.81423682104571,4.927001437386521,33.74123825843223,1714.967558829816,1680.7014293923191,5.451892616451119
60,709.8884980326909,36.884994262720795,4.799155266106632,41.68414952882742,1114.4768043947845,1072.7926548659568,4.799155266106709
74,978.3961182662692,43.380202609027606,5.267581512831178,48.647784121858784,855.5987175423747,806.3005914773975,5.917923455949563
8,78.67361472902311,46.776278202586205,4.267098388103662,51.04337659068987,1785.73895574381,1734.69557915312,4.267098388103591
55,622.5819934021002,30.386624446169584,4.35050113782886,34.73712558399845,1254.635369261372,1219.8982436773738,4.3505011378288145
66,886.9603333499485,26.667696516849006,4.1504412400854465,30.818137756934455,1015.3107963315567,984.492658574622,4.150441240085456
48,535.1445445655916,31.13877828295268,4.433034082931299,35.571812365883986,1403.2888769047483,1367.315836453708,4.834262168087889
61,748.6890958907826,20.291191764110664,2.1829644574872695,22.474156221597934,1202.1482075940971,1179.6420249727105,2.2149908572757795
50,564.924750903844,40.34667407568114,4.828571631458555,45.17524570713969,1402.6900850925267,1357.5148393853874,4.828571631458203
32,307.37104962297695,25.39740246497527,3.2032254481141313,28.600627913089404,1671.4354776539467,1642.8348497408574,3.2032254481142104
81,1061.699681655034,37.64409655929838,4.58972309755711,42.23381965685549,930.1013711614369,887.4862755182305,4.970999083908509
57,640.0546530285716,33.45324612552986,3.552596843725611,37.00584296925547,1372.6532455455335,1335.5738652582822,3.6261341617214384
49,564.8044817970465,26.471431200156918,3.1662254204084403,29.637656620565355,1474.8884997610924,1445.250843140527,3.1662254204084093
22,195.71035928424314,33.182345129675994,4.052722341234667,37.23506747091066,1848.3920508485214,1810.8625608808775,4.3471448379679885
75,984.2325753940602,42.0180641011818,3.558699067940869,45.57676316912268,1071.4935892919636,1025.695603197711,3.779921993070502
30,279.01759966884117,33.60692854863339,6.179630009662782,39.78655855829617,1815.9564699078715,1775.360872413444,6.988668945793961
79,1026.8530412449459,31.72430359597893,2.773083226844677,34.49738682282361,1071.5214017311096,1036.8951995033372,2.9018986317939834
77,998.0701451286423,61.27354901997286,6.597503331118155,67.87105235109101,1142.281210507636,1074.410158156545,6.597503331117991
34,318.1801996498069,48.02403432340202,6.223321893893473,54.247356217295476,1849.299985811209,1795.0240763524669,6.251875135340185
45,493.2311363347297,44.53944961189131,4.035260241930715,48.57470985382203,1689.32840501646,1640.6229954227874,4.1659599817812705
20,190.9274566898611,35.724792159081545,3.996185353869117,39.72097751295066,2038.6322754789426,1998.4741331872503,4.43335013261094
52,572.2567842323375,36.72023810779635,4.148856091241703,40.86909419903805,1660.7821736492428,1619.9130794502043,4.148856091241669
28,258.1582806017929,36.89564472030487,3.905220972399886,40.80086569270476,2010.1851898053444,1968.471361835515,4.8181832495250205
4,53.67527681207437,45.129356569609655,3.8616292985242673,48.99098586813392,2242.458564656723,2193.0675775428454,4.261630544268279
73,973.0230901730354,36.71431820909069,3.979569449873461,40.69388765896415,1326.5583915544787,1285.7497581906869,4.0943151547013485
