pid,arrival_time,cpu_bursts_time,io_bursts_time,bursts_time,tat,ready_wait_time,io_wait_time
2,7.417177103451953,16.957930389648226,3.9037271172070986,20.86165750685532,96.95243486943355,75.65886251591462,4.335641963870714
3,30.397354656661015,12.693922097395255,2.9498394849832765,15.643761582378534,118.68269897503131,103.03893739265276,2.949839484983279
0,0.589483122995207,28.37686336409166,3.388402958780168,31.765266322871824,156.94184386664375,125.16918797523405,3.3957925273180494
9,85.3950033845739,9.80837909623953,1.6870245635170837,11.495403659756615,111.02061582750957,99.42532352475781,1.7869132065122386
5,42.7382343916293,15.179500740964484,2.7194693652138184,17.898970106178304,167.50889428380313,149.4083745697121,2.9210189731265714
6,45.19750860301278,15.37914328939565,3.3734534034972885,18.752596692892936,197.35585185860057,177.84191287548182,4.1347956937230705
1,4.314216972816486,32.4102408859043,5.858155437279443,38.26839632318374,268.2391623702285,229.76837830068368,6.060543183640507
8,71.03907433754617,14.9162370761966,3.143080041607736,18.059317117804337,225.3874473171078,206.97532997446578,3.495880266445397
10,90.83279131455713,14.566322919798138,3.4384520089077473,18.004774928705885,224.90727771269377,205.773511796683,4.56744299621262
4,38.79345236868967,25.704753255488548,3.911923313416314,29.616676568904865,329.8245906039001,300.2079140349952,3.911923313416324
25,283.49792816985564,5.087389976856832,1.1273329206295293,6.214722897486361,115.28211419990976,109.06739130242346,1.1273329206294989
14,128.67695817743908,23.262488969674443,3.7817873441195946,27.044276313794036,440.3485790217156,413.2424392395956,3.8436508124453326
13,127.83940725351897,23.550033467366788,3.528796350370441,27.07882981773723,467.70948905547164,440.63065923773456,3.5287963503703565
11,96.78173445091107,28.281141317192077,4.292127240267888,32.57326855745996,583.7028115499493,551.1295429924893,4.292127240267888
20,256.6945670722302,19.409653681377243,2.9498543004770728,22.359507981854318,509.60453671760973,487.2450287357554,2.9498543004771136
7,54.33902483349425,41.74984740830393,3.725854173570546,45.475701581874475,832.7512898573247,787.0242556628007,3.9771867862200807
32,385.8246154753917,15.87901769109955,2.309082212768285,18.188099903867833,526.8109288947478,508.62282899088007,2.309082212768317
54,752.826978703593,5.174358783719838,0.8040555387429926,5.9784143224628306,294.2517975935817,288.273383271119,0.8040555387428867
23,269.6880936694883,24.40256857939224,3.4043000759194104,27.806868655311654,807.0407169371533,779.185210388216,3.452937969544905
12,104.45955184763915,35.729765167557,4.773794737078456,40.50355990463546,974.371937152978,933.600943594784,5.041228390637073
33,400.1775382540579,17.584248346095993,3.310704714626598,20.894953060722592,738.5479349018422,717.6529818411196,3.3107047146265813
35,408.38597349018437,18.102357600537488,2.8103875894820667,20.912745190019557,760.3387039418192,739.4259587517996,2.8103875894820476
42,536.3879288622113,12.386297646799246,2.887366345434041,15.273663992233288,653.3142292699315,637.9559467608536,2.971984862278646
16,169.28929067984458,33.49704822358516,3.6032837944433656,37.100332018028524,1020.7323958574935,982.6463293882946,4.589018245613744
30,376.97338398146456,22.728182093539356,2.9358657671324355,25.664047860671793,947.3068302966601,921.6427824359882,2.9358657671324977
27,307.31118627142433,26.283374892263797,3.514070025002092,29.797444917265885,1059.3827633011967,1029.5853183839308,3.5140700250021837
41,503.72105246236146,17.807246428355455,3.4100499336778354,21.217296362033288,869.330372435209,848.1130760731755,3.4100499336780103
22,266.24723458500074,31.886742010222278,3.2257399650868783,35.11248197530916,1147.6507903331233,1112.2726077342925,3.4914405886086683
43,543.8476779656907,15.809454593142455,4.484057782048542,20.29351237519099,897.3999330962287,876.7881721930553,4.8023063100309855
29,344.8962032952025,26.63623334445058,3.944841809911118,30.581075154361695,1125.8043361314533,1095.2232609770917,3.9448418099109404
28,313.9287026174661,25.527522444935745,4.743383303165685,30.270905748101434,1157.7402482673942,1127.3595115995577,4.85321422290076
36,422.71415931707406,22.979905976586615,3.0683326765822247,26.04823865316884,1053.601480303562,1027.2718425228222,3.349731804153407
39,471.7092906136008,20.212974388896832,2.9047183253615954,23.117692714258425,1018.6988677989582,995.2601061468221,3.225787263239283
18,197.63649276222537,35.180461861607604,6.526385813890699,41.7068476754983,1308.504096781971,1266.4682513671285,6.855383553234617
17,185.07165636676052,37.723346874486765,5.880044547181171,43.603391421667936,1394.1080727688654,1350.0213175296296,6.363408364749205
75,1008.7706263301293,10.808419880327179,2.369566874256022,13.1779867545832,608.5266978960917,595.3487111415086,2.369566874255952
19,236.483107459643,39.91719842081643,3.911909631530197,43.82910805234663,1427.2744656228301,1383.1946092214891,4.162657980524841
83,1110.1969965454773,9.007087485555124,2.2927259178866612,11.299813403441785,584.9532694509073,573.3406254770689,2.605556488283355
68,911.3882371774304,17.102249999183712,2.6171600605372514,19.719410059720964,897.0566442506739,876.9418072810719,3.0125869704181696
51,657.5317470013133,23.704177944714623,2.235028843750027,25.93920678846465,1151.0809969274842,1125.1417901390196,2.235028843750001
26,306.38595715869593,38.08062831766075,3.388728332531998,41.46935665019274,1548.018023596009,1506.1543959168923,3.782999361455893
80,1070.2380576786188,13.67964417617952,3.209737799608364,16.889381975787888,790.423823041802,773.1161856179142,3.627993247708446
50,655.2782004060232,23.677777993630265,4.5116775671760685,28.189455560806334,1224.1631155865302,1195.67977833473,4.805559258169751
52,667.5871077912992,22.775009645047184,4.293104255885205,27.06811390093238,1227.553741021136,1200.4856271202034,4.293104255885055
77,1021.4596881855844,17.617788253974343,2.1993772507744476,19.817165504748793,875.9716710890596,855.6922240771592,2.661658757926034
73,940.655686980786,19.566489769680455,2.6095284605685016,22.17601823024896,1001.5149822986652,979.3389640684161,2.609528460568299
64,866.8658493133913,19.0212358605105,4.177822992678648,23.199058853189147,1083.135247734982,1059.8935873248108,4.220424549660606
34,402.5614703489397,33.90538900925098,5.077125410858679,38.98251442010966,1548.4350355405786,1509.2079323482365,5.321714183091558
21,264.7700782783588,45.70694660259831,5.004175036540612,50.711121639138916,1714.0610235884155,1663.0814217869518,5.27265519886538
31,377.5069831635811,37.84982069307382,4.4032029004669635,42.25302359354079,1615.2759687560203,1572.880733896522,4.545414166424337
59,784.1231978751198,24.206993419705135,3.908978680512347,28.11597210021748,1219.8200072967873,1191.3172294467208,4.295784430361209
71,916.9189746450891,21.4365794936859,2.1297440219341577,23.566323515620063,1096.7938740846073,1072.8727061298782,2.4845884610431312
46,624.2853299794184,29.38971946747006,4.0722544637763525,33.46197393124641,1405.1031145221464,1371.1193278998444,4.594067154831691
47,645.7142488154924,29.52831652051546,3.0657177697147135,32.59403429023018,1402.684763329557,1369.7242052912775,3.4322415177639414
78,1029.9592948198047,21.81582518304626,2.5381595972262345,24.353984780272494,1019.1343876811798,994.1834968509122,3.135065647221154
66,897.8326152398632,20.52504685153625,5.168843044932558,25.6938898964688,1157.1539206603175,1131.1688322126815,5.460041596099813
56,758.8950155156228,25.18648684672317,5.0723941251037346,30.2588809718269,1327.3534807704443,1296.65540785009,5.511586073631975
48,649.0531040384665,33.32873275531898,3.719688608233728,37.048421363552706,1449.2675864826494,1412.1629275139137,3.775926213417165
44,564.1155650422137,30.10297468205176,4.97896309059447,35.08193777264623,1534.4023870574583,1499.3204492848124,4.978963090594561
24,272.8722582957188,47.1871426630012,5.375204260340066,52.562346923341266,1830.2703162226035,1776.1473070671618,6.935866492440653
37,429.90641648268706,38.37102016120565,5.529818940725588,43.90083910193125,1680.4115463235432,1636.0964256806615,5.944100481675832
65,867.8256553825107,26.760748567539856,3.3559963125815475,30.116744880121402,1254.6462454482248,1224.422299485194,3.46319739549142
55,758.6512914860956,29.501066590060997,4.086755163378623,33.58782175343962,1366.8295996582915,1332.7894521603523,4.539080907877974
53,735.1725443569069,29.036104048779983,3.5700799969616552,32.606184045741635,1394.8076389876057,1361.1240045612885,4.647530377537805
49,654.7309145127167,33.992101487998255,3.8542317126549293,37.846333200653184,1483.584765566077,1445.108169373801,4.484494704278063
40,484.005195016048,40.06071259699979,4.611962620892773,44.67267521789256,1680.2178983235683,1634.928358821351,5.228826905217829
45,574.083615276279,36.52132839933478,5.6076375848080735,42.12896598414285,1613.3990582515812,1570.3111377714497,6.566592080796681
15,163.80081229609664,62.0297784079862,6.927414498991365,68.95719290697755,2041.9596481089704,1972.3719762083717,7.557893492611953
81,1074.2188573951732,28.71733016329091,4.452282369986761,33.169612533277665,1147.6632258071616,1114.3250761335596,4.6208195103108665
62,856.0823203919546,32.322146871456944,4.589761500754307,36.91190837221125,1369.3925761317414,1332.2486682817284,4.821760978555517
74,965.7382212613647,29.25123782692259,4.814352032146343,34.06558985906894,1279.7086210880316,1245.6430312289629,4.814352032146417
72,932.07149876544,32.9920671264885,4.110328057432918,37.102395183921416,1326.948888068066,1289.0124971251714,4.944323816406268
76,1013.2103291873749,32.524483355023115,4.3541978499688065,36.87868120499192,1252.9816366641185,1215.6063574945847,4.850795814510093
69,912.2062330197293,37.14055387054619,5.390668260965971,42.53122213151216,1370.6039892458464,1327.12159610306,6.341839272240122
57,773.787746957702,37.405688447273675,5.987738870679221,43.3934273179529,1513.092220536089,1468.974525360137,6.712006728678261
67,908.8149344764167,34.026499204200135,6.692046270933993,40.718545475134135,1381.228708828425,1340.032702535989,7.169507088236742
38,448.42348249557784,49.378563701173384,6.541793351346101,55.92035705251949,1843.2717423433746,1786.3086773408736,7.584501301327805
60,809.7301122641404,39.38123759081968,5.220769663662259,44.60200725448193,1483.043156418468,1438.011929472571,5.649989355076968
82,1093.4973324594876,32.317021100307265,6.2706978388088395,38.58771893911611,1211.5671438379359,1172.9291513934616,6.320971344166992
63,858.6793933794809,43.37504411841318,5.158691491430776,48.53373560984396,1462.9059988936012,1414.0777037889193,5.453250986269381
58,783.8769525359351,45.51385197468141,6.55766254265828,52.071514517339686,1538.433805689606,1486.2374830875744,6.682470627351222
79,1070.1912656413112,41.4865709959612,5.249747409490985,46.73631840545219,1258.4403945330685,1211.3819921976635,5.571831339443634
61,824.8345445650768,50.1022495282862,8.420800852619369,58.523050380905566,1518.2609157579843,1458.4613445121463,9.697321717551176
70,914.064909916939,56.59686405841219,8.986481770961527,65.58334582937371,1435.3362610232548,1369.0896479595147,9.649749005327749
