pid,arrival_time,cpu_bursts_time,io_bursts_time,bursts_time,tat,ready_wait_time,io_wait_time
1,13.145043212065962,11.971498885105422,2.182005977547676,14.153504862653097,26.288571192874713,11.703091953034942,2.613980354734359
0,7.2291824160584515,30.00698283244547,3.744533870387774,33.75151670283324,44.853112071317504,10.763706362853743,4.082422876018317
2,58.54688734029667,34.24396862699285,4.735170011430379,38.97913863842323,139.82472716376668,100.82945615771229,4.7513023790614355
12,188.2018064787219,4.92402734457361,2.4036236243808,7.327650968954412,87.68703361712988,79.50695282335195,3.2560534492042734
8,158.14650677531955,16.606242127308953,2.558829050359577,19.16507117766853,249.51272876754314,230.14325134457488,2.7632352956591717
3,60.284843719818404,45.52854662164386,7.0847634371301345,52.61331005877401,430.93445762205124,377.37719787618636,8.028713124220772
15,229.5176995281024,17.15595678631735,2.9861215585557668,20.142078344873116,554.3354770644052,533.9680423987107,3.2114778793771848
5,99.5711097106454,42.03158549750244,5.937022457529137,47.96860795503157,846.3587170903673,798.0907744874413,6.236357105423622
19,245.9153424192628,17.511561525321834,3.4178815792861355,20.92944310460797,721.8863503596151,700.6857051324238,3.6890837018694924
18,242.16245037362822,20.409139835622884,4.756844611997458,25.16598444762034,915.6420751452924,889.9251157011038,5.307819608566092
7,142.36510927959543,36.217284823918106,3.3521429817447395,39.56942780566285,1051.5673797299294,1011.3519134014417,3.9981815045698
25,347.2276380796307,16.108643568368326,3.5480761983422786,19.656719766710605,857.975135703967,838.3184159372572,3.5480761983421303
10,182.35794665289995,29.184793458848965,3.4930917597993414,32.677885218648306,1028.5627840912196,995.8848988725716,3.493091759799313
62,698.5346992511129,5.298837507741558,2.523145557582443,7.821983065324001,525.1068973701458,517.129421332979,2.6786385294253705
9,178.28436620290356,30.73772312509223,3.1243335201658144,33.86205664525804,1078.9182794149642,1045.0562227697064,3.1243335201659193
24,336.40704921680515,17.056031947393844,4.317959677452309,21.37399162484615,923.9924948049232,902.2694428214476,4.667020036082306
29,372.39904687085095,15.752770763938866,4.116042053273647,19.868812817212515,953.8377676511823,933.9689548339701,4.116042053273645
27,356.45242449936757,19.37997790327244,2.776655047975577,22.15663295124802,972.921808561815,950.7651756105676,2.7766550479755665
13,204.69416709026416,29.37321610464385,3.2593898495914564,32.6326059542353,1156.6678369306928,1123.735480211907,3.559140614142507
6,138.5402050840024,39.081368041949226,4.746610713840056,43.82797875578928,1300.614877762664,1256.4593334721199,5.074176248595194
34,436.4410073981668,15.8494982344567,4.104478344926124,19.953976579382825,1050.2817527486268,1030.3277761692443,4.104478344926292
55,618.3012533035777,11.802252514635807,4.248861730493031,16.05111424512884,871.2347001898255,854.9462048986519,4.486242776538234
17,234.64878011514443,29.042228383289764,3.2789336054683784,32.321161988758135,1296.8666236207994,1264.4259778894027,3.3984173481072446
16,230.54386485016434,28.127622336444688,4.9211497537554605,33.04877209020015,1321.596796883818,1288.1693896076276,5.299784939745905
66,753.1309713814372,11.86067698523768,1.4615887809988357,13.322265766236516,801.1605320961459,787.533664984263,1.766190126645597
44,500.598072624173,17.5006914098591,3.5936697616205606,21.09436117147966,1153.227253625701,1132.132892454222,3.5936697616205038
73,830.4553617783449,8.921065639974442,4.380075753073766,13.301141393048209,837.6113469282061,822.8453233046409,5.844957983591371
11,184.00316733878967,32.232238008726355,6.835097944167448,39.067335952893814,1530.8795624445595,1490.7511280693468,7.896196366486578
4,67.3601150878487,64.74821596401486,7.373078093580596,72.12129405759545,1698.6421756108552,1625.9084498689583,7.985509777883152
14,213.02537952577072,35.135298703739245,4.870437189490063,40.005735893229314,1570.1755787920429,1530.1698428988138,4.870437189490332
20,247.93140841391943,29.498484321392084,7.75770249457295,37.25618681596504,1611.085032851308,1573.3202126307376,8.266335899179182
41,481.7248049575931,24.43583729026433,3.7550680138546744,28.190905304119006,1447.7344861774782,1419.5435808733598,3.755068013854725
45,509.7017701535363,22.454852896550875,3.658864679367083,26.11371757591796,1430.2444512443208,1403.889707251975,3.899891095795738
38,472.54518822759337,22.69678570715252,3.865824072034564,26.562609779187085,1480.4753182499014,1453.6687630177023,4.109769525047568
46,512.3896021131368,23.964218072655942,3.2437384812266092,27.207956553882553,1467.9021940676469,1440.3141727913328,3.623803203659463
57,638.4025535078895,23.616953519951423,3.0897065182383967,26.706660038189817,1410.1150220959262,1383.4083620577373,3.089706518238472
74,832.5757655144298,18.714467646150467,2.6767799472995355,21.39124759345,1244.1908008559499,1222.2470675595341,3.229265650266143
77,841.5892554231986,18.398305774197866,3.37092064060824,21.769226414806106,1240.866541071142,1218.9470461800022,3.5211891169431055
54,594.5062102708929,25.085384938388533,4.245959522169283,29.331344460557816,1542.680410548231,1512.934150142238,4.66087546760582
70,788.8485482930314,21.600807027820743,3.48833384382202,25.089140871642762,1350.8050012158733,1325.7158603442313,3.4883338438223745
56,621.3113295322689,26.90941380749406,2.8792660004048374,29.788679807898898,1540.6868442871848,1510.8579161261378,2.9195143535537227
49,536.9510413244623,26.474600415158697,4.453926813336503,30.928527228495202,1635.3106381148652,1603.9654806291092,4.8705570705981245
82,884.894909311993,21.646126036044524,2.1677872119388373,23.81391324798336,1288.162389841927,1264.0974245090833,2.4188392967996606
39,478.3246629998806,30.087397154644748,4.361295775666893,34.448692930311644,1712.5671863256161,1677.7975137215537,4.682275449418739
61,695.626819754291,23.97616166512775,4.470652563608229,28.446814228735985,1495.44478823987,1466.9979740111341,4.470652563608155
23,309.35182014289694,36.907269318279354,4.991650496764039,41.89891981504339,1912.015130965914,1870.068107838913,5.039753808722196
80,871.1180568748683,19.787034928250122,4.847606622184365,24.634641550434488,1352.651474231619,1327.5361733737088,5.328265929659892
33,415.8652835972423,32.007871566250905,5.447485678957737,37.455357245208646,1826.4587766296138,1788.8249436212586,5.62596144210471
22,291.21977321254576,38.41287063195027,5.794809826988913,44.20768045893918,2000.7493127412142,1955.791469626381,6.544972482883168
64,725.4501743617848,27.190554352644817,3.219922557035874,30.410476909680693,1567.4590324874193,1536.6329546808563,3.635523453918381
65,728.0340740560404,25.55567001565298,4.46713075006323,30.022800765716212,1566.3242564701209,1536.097769915318,4.670816539149655
53,587.9726973388244,29.36965170272361,4.109257767839198,33.47890947056281,1710.417132701098,1676.3198287957812,4.72765220259339
58,639.3984049970377,29.554241745697926,4.082324714634785,33.63656646033271,1696.1422699756095,1662.269412937474,4.318615292437016
42,490.8339806342866,34.28972216047496,5.704433918985201,39.99415607946016,1905.3167298332933,1865.2440190370544,5.782988635763218
26,350.50453753137015,42.56687261706209,5.262052698037374,47.828925315099454,2053.5518750789547,2005.7001180017983,5.284884460094872
31,407.15988892417664,40.4682099803836,4.884584371029774,45.35279435141337,2024.4587605042295,1979.0725741964943,4.917976327350289
76,835.0173023735393,28.29633258398008,4.418690958406255,32.71502354238634,1597.160114609646,1564.4450910672576,4.418690958406387
72,811.7776432230388,31.181324603447983,5.473089873409612,36.6544144768576,1649.369247236701,1612.712642295305,5.475280337947424
32,410.92619986339093,40.86351355689445,4.82996895796461,45.693482514859056,2062.4504311581936,2016.2635529323172,5.323364668981412
78,842.4763189791555,31.868483376778023,5.8396484107344255,37.70813178751246,1631.455508996,1593.7473772084857,5.839648410734412
43,491.7063955399636,39.09577032860344,4.308442412897763,43.404212741501205,1998.6732582972195,1955.072439774153,4.5050481944610965
67,755.2933896297584,33.032678672226496,5.328824171262256,38.36150284348875,1763.6679466578069,1724.9020254769898,5.733242508588546
68,763.9669772126822,34.4231146595506,5.34879962906878,39.771914288619385,1758.8484483296284,1718.6028715834611,5.82246208661536
79,863.9106307573632,34.30735575120198,4.512029468017086,38.81938521921907,1676.2140454822745,1637.213820323449,4.692869407620947
81,876.6843990728221,33.78412146331359,5.228160578644254,39.01228204195784,1668.3206539138846,1628.8766489728143,5.65988347775442
30,391.5594841531813,45.52985588341105,4.651014413395627,50.18087029680668,2155.8069018176084,2105.4877308299674,4.789315104227171
59,650.5331587430318,39.7136116149771,3.90991443889932,43.62352605387642,1902.044474533583,1858.420948479705,3.90991443889925
50,543.7547015343064,43.699488741333575,4.378988735745333,48.078477477078906,2032.0670922579227,1983.8052608333894,4.562342683197244
60,663.2160314395467,36.786259781122816,6.704624932960239,43.49088471408305,1917.5822700700112,1873.661039670349,7.134970618537068
51,564.3336724470879,42.45818977281977,5.964832784127857,48.42302255694762,2018.7501322539365,1969.887382659052,6.404559822062538
28,359.33491753249376,51.62107082953297,4.615030074285693,56.23610090381865,2227.7299156900726,2171.3404619001544,4.768382960383008
69,787.4990468363335,37.75484678529667,5.46207694082506,43.216923726121735,1815.2721416234635,1770.7781004972728,6.739194340892482
63,703.8089255940698,41.50261759788596,5.554010029657656,47.05662762754361,1915.542528609125,1868.3528666552413,5.6870443559955675
71,792.2851599027657,41.40235503598082,5.710495242194124,47.112850278174946,1829.452407356499,1782.3395570783207,5.710495242194156
36,448.5955272456535,47.6525146622973,7.732241545703268,55.384756208000574,2187.5359419358483,2131.4159749672135,8.467452306334508
35,440.1750323124532,52.11922344777534,5.88252401030757,58.00174745808291,2200.5296700681756,2142.1725650380686,6.237881582329294
47,515.5435985937185,47.39222676550387,6.61311999592636,54.00534676143023,2127.617369234452,2073.4649927717287,6.760149697215866
21,272.033768270217,61.87118407596836,5.681504462032034,67.5526885380004,2379.729465938941,2311.8402843516114,6.01799751135718
83,914.6475447524755,44.07720099598607,4.53510339592508,48.612304391911145,1740.7916039000388,1692.1395802482623,4.574822655785738
37,461.95562104525567,52.09839274307632,5.73809440765326,57.83648715072958,2194.1232146980174,2135.5080790799657,6.516742874970646
48,519.6635416598849,54.32214374937621,5.817331549454538,60.139475298830746,2150.9515174220915,2090.508590612228,6.120783060481585
75,834.2854338652522,53.04802053599223,5.691813182815216,58.73983371880744,1847.9366430417613,1788.8240293429346,6.064593162829283
52,583.5006258366399,55.469372754187255,7.748432601899255,63.21780535608652,2098.8965522965923,2034.9875868478127,8.439592694586395
40,478.7307981619803,76.87574434439821,7.408567891649782,84.28431223604801,2221.155471953016,2135.2717916641004,9.007935944507949
