pid,arrival_time,cpu_bursts_time,io_bursts_time,bursts_time,tat,ready_wait_time,io_wait_time
3,20.59203995761633,6.7443936333341155,0.8494894210323152,7.59388305436643,32.27494600263804,24.68106294827164,0.8494894210323167
5,46.84889784029651,8.02563553805323,1.195934111441613,9.221569649494842,47.40513061694768,37.87912707725821,1.5003680016363106
1,16.403720323462117,27.679675368716083,5.2859798852099615,32.965655253926045,246.97847783531583,213.6260746815163,5.672727785083289
0,8.053100819697258,38.39873655590391,3.1870798594807033,41.58581641538461,271.1853146751695,228.9579728964286,3.8286052228367655
2,20.527668820744875,34.9255517460691,5.025408071757261,39.95095981782636,481.9594314032476,441.9410176886268,5.092861968551212
13,126.46350755456918,16.740689373694174,4.1593147490421725,20.900004122736348,405.8426986394764,384.94269451673966,4.159314749042096
10,109.53205162712499,20.720025592926007,3.166805271857002,23.886830864783004,495.16658084134195,471.0641812708476,3.3823739775679798
8,89.69299321766653,24.84766697803333,1.8744758265923744,26.72214280462571,530.2987190082563,503.5765762036303,1.8744758265923451
11,118.86409626466548,20.310099628952166,3.0748871959403,23.38498682489247,514.7925482462803,491.34659294353924,3.135855673788683
6,67.77601668367456,28.22381471428761,3.6461816730107164,31.869996387298325,612.2221317608017,579.5769377480929,4.421379298421343
20,221.76615578436642,14.974322773510472,2.0071295563412317,16.981452329851706,480.67301276220326,463.57471325207894,2.123976736614253
9,106.12374858844592,26.778067754733353,3.0360783775312976,29.81414613226465,754.4491778508775,724.6350317186133,3.036078377531311
14,149.1580895521738,23.081734878293727,3.201132574306538,26.282867452600264,734.1802502698284,707.6785443798819,3.419971011653132
36,392.55315517908423,11.528102557034808,4.475198261740612,16.003300818775422,565.7644721239707,549.6492704805086,4.587099086428452
19,184.851841568197,21.99130379748462,3.734898328036659,25.72620212552128,792.0801785924014,766.3539764668809,3.734898328036678
18,183.91214576119532,21.63976293103748,3.8974769655150894,25.537239896552574,806.8906427141592,781.3534028176077,3.897476965515068
4,36.37555317689874,41.40051206292756,5.795658672718186,47.196170735645744,972.577876289996,924.8784658077333,6.298898419336311
17,181.0314991731094,24.121077930370607,5.52847163735289,29.649549567723497,961.5038049793831,931.6183157268099,5.764411322203642
37,402.0122094456941,15.593989042931454,3.1955971378016823,18.78958618073314,771.2862076746318,752.4966214939003,3.1955971378016557
15,159.0228358906264,28.30935262810825,3.5552798903594236,31.86463251846768,1066.055165996149,1034.190533477683,3.555279890359486
12,123.35784038473575,30.62173608010036,4.628539451601756,35.250275531702115,1133.020221887635,1097.3887528483217,5.009732959214318
39,452.2955297455798,17.358499554245263,4.055795518598207,21.41429507284347,905.3791161213601,883.8797204493953,4.140896117721695
71,959.29107872279,7.782146638771542,2.1496134638252276,9.931760102596769,519.054340114843,509.1020621499574,2.1701313261153246
25,249.16994889245882,27.61830253216082,3.582824351366266,31.20112688352708,1284.9924849887443,1253.6634580476964,3.7107244088894618
73,983.8560868815032,9.196493272820472,1.1291573834997544,10.325650656320224,571.8205589896904,561.4949083333713,1.1291573834998871
16,174.75284079588175,32.078863314479946,4.931848437697458,37.01071175217741,1404.116662100033,1367.0803801984353,4.9574185871199745
24,239.77193136486406,28.364573952269488,4.430320369729387,32.79489432199888,1340.4778913116045,1306.786960561093,5.326356798244092
26,270.4856473734567,27.682018459869397,3.5851451607368254,31.267163620606222,1321.417201709284,1290.1500380886803,3.585145160736829
58,710.6909242180931,15.475195080401008,2.7082839997778985,18.183479080178905,933.3616772638342,915.1781981836573,2.7082839997780184
31,312.6990028746976,26.179866450037657,5.393500359997919,31.573366810035576,1339.901295091287,1308.0993240692387,5.6221045720132565
43,521.5823492687813,20.459068410980606,4.700959587775762,25.160027998756373,1168.361862974829,1142.7585503953296,5.144244168521709
32,339.46810056245863,25.682721841698108,5.370607725612942,31.05332956731105,1350.927933969001,1318.2997858907825,6.945426236523133
47,592.1448109125208,19.70987644749142,3.6666951530455463,23.376571600536966,1101.6028537422937,1077.5892144865422,4.303762808262832
7,82.37372104400244,44.68509176345599,7.351808402806642,52.03690016626264,1689.7150847450625,1637.1109607408905,7.919032240718707
82,1075.2454008782051,12.0299887955803,2.500364054518558,14.530352850098858,728.633561960015,713.7704455927853,2.833127571650948
27,274.579630620898,31.813018547880127,3.613183876030149,35.426202423910276,1530.0666421078158,1494.0919937820543,4.161629777884855
34,370.7552133904429,28.994753039443946,3.4850746999439446,32.479827739387886,1467.8247122251519,1435.3448844857671,3.4850746999439934
61,800.9975759929738,18.556140237466508,2.7297987871066027,21.285939024573114,1066.9677320660226,1045.3974836575833,3.014108170975078
48,604.6740848705898,23.71194613930288,3.495336748908944,27.20728288821183,1321.026877084424,1293.8195941962158,3.495336748908585
23,239.320277606926,36.441508700098794,4.756489644974581,41.19799834507337,1707.5558859619591,1665.8582572056132,5.256120056250751
53,677.7565358682758,23.862484642948466,2.4466330799256393,26.309117722874106,1290.5242692094625,1263.9967819012002,2.665002665317161
77,1031.0680930282272,16.557376765853636,3.5355204399283218,20.092897205781956,950.5864869666266,930.4935897608468,3.5355204399281774
79,1036.4801986089478,17.146345298033967,2.7373086092023327,19.8836539072363,985.9003604014451,965.306787627936,3.4472274754782575
22,235.9063760889475,37.56862584149836,7.366828940641203,44.935454782139566,1813.4409267569217,1768.0367086634803,7.835592251947077
72,962.145336589599,20.087717253958566,2.63229929399689,22.72001654795546,1096.7648116497344,1073.8895690841748,2.7875253116037584
35,379.8275802873688,32.93937126760589,6.013710260961203,38.9530815285671,1686.477383176021,1647.1874296693102,6.350582239108178
28,282.6795083411737,37.128023130882504,4.498602054584068,41.62662518546657,1789.0719542288768,1746.7452040513429,5.1987270466553355
70,925.9941720733999,20.725666410751195,4.660873565802265,25.38653997655346,1186.0501365786831,1159.3935431820564,5.930926985877022
46,583.7063298200505,30.121087850656522,2.9976752303981558,33.11876308105468,1551.6567276884284,1518.4576908928132,3.077948944961122
30,300.5013436654878,38.2547861940763,4.609474377624274,42.864260571700584,1838.792130623801,1795.646714860495,4.890629569232601
41,484.2095897372312,32.01543926835019,5.878986291776773,37.894425560126955,1660.6643848218434,1622.055106012368,6.59383954112775
63,860.472998325682,23.719346699283026,4.06462072616261,27.783967425445635,1288.2087901346845,1259.9004949387001,4.588948496702642
40,467.81222425508895,33.19205931099871,5.394746331582229,38.58680564258094,1690.5361365100453,1651.3794303022703,5.964646896778959
49,605.5938370953797,30.151173590801857,4.1420723726220094,34.293245963423864,1555.8576869285373,1520.8496892667952,4.856824070942366
67,903.104608567692,23.009622352348618,5.366747438162494,28.37636979051111,1270.4730141721152,1242.0687379859185,5.394653833848679
44,532.3248820535379,32.7719296189715,4.37517296154115,37.14710258051265,1649.468026323489,1612.1400144864986,4.55608221802072
68,905.176972320103,23.535326190084792,4.497905096886277,28.03323128697107,1277.366097295938,1249.1214971877007,4.709273918153485
29,289.12787939044983,41.83045139436273,3.324678636763593,45.15513003112632,1903.114422577015,1857.657047503535,3.6269236791193293
57,708.6533598451489,29.87488829306982,2.601693968899167,32.476582261968986,1497.6532498354568,1464.5915552691451,3.1868062732426097
54,695.3577424025815,28.95982499388993,4.754580916491451,33.71440591038138,1512.3586011116804,1478.3704986815535,5.028277436238568
59,722.7117774789718,29.57312034263404,3.9002740323878244,33.47339437502186,1491.3308320304645,1456.1015897530299,5.656121934801035
69,914.2462655450029,25.70463241736718,5.110447542101743,30.81507995946892,1320.7225261419887,1289.7364605143798,5.281433210241175
64,867.5757465063878,27.46485188999086,3.451975395184336,30.9168272851752,1372.9466725589025,1341.2647058711534,4.217114797758086
21,232.4084517470204,44.82648114240547,7.933679076619748,52.760160219025224,2022.390103350807,1968.179794168027,9.383828040373942
81,1062.8423517678402,25.51691969050643,3.542616016581024,29.059535707087456,1213.3128723052641,1184.153409430777,3.6425431839784324
66,888.257101798552,30.723339685012828,4.950165481315796,35.67350516632862,1423.3617548228276,1387.3209406183908,5.317474519420784
51,669.7286941495323,35.71387882055118,5.101351241375545,40.81523006192673,1643.6875159274286,1602.6516590198669,5.321978087008233
83,1085.0509664833028,27.7353184698231,3.3063021744909857,31.04162064431408,1235.0237857086265,1203.891652207266,3.3968150315338335
74,984.6594967647004,31.110912232651255,3.785980811151347,34.896893043802606,1351.6026006087948,1316.303992710491,4.187695665649244
50,650.8382313400102,37.82995892144882,2.8113473954641837,40.641306316913,1686.0327764164363,1644.8483706384088,3.3544468565753505
45,565.6264213778694,38.78208433740151,5.509698948340032,44.29178328574154,1771.404406111517,1727.023314148258,5.599007625855165
55,703.3995100019275,39.93066739563393,5.079281233760777,45.009948629394714,1677.2496099538903,1631.8180157343077,5.500926823943928
76,1009.026765470119,34.477503876200245,3.959081624312106,38.436585500512344,1380.6889854327617,1342.2523999322434,3.959081624312148
62,841.9535693880738,37.682167297416214,5.193507784427377,42.87567508184358,1561.739313475165,1518.2273575758227,5.829788601919631
42,492.1971015805436,47.75230786035058,5.904760381549733,53.657068241900305,1921.059983165347,1866.935897207715,6.3717780972748415
38,425.93465294972043,49.72094293186148,6.693779173921792,56.41472210578328,1991.0318553256395,1934.5916993620779,6.719213031694096
33,358.22703111745454,52.47928745766552,7.311942247868498,59.79122970553403,2067.7324815083357,2006.3961439950108,8.857050055652962
60,749.8668153352808,43.726718788696985,4.47825845808698,48.20497724678396,1678.7998238619618,1630.59484661517,4.478258458087339
80,1052.1212084116664,38.80007940032293,4.030642090438067,42.83072149076099,1383.4731690824274,1339.8777558905106,4.7953337915841985
78,1032.0961337221036,41.32715004071222,7.014341306985677,48.34149134769788,1416.758956227636,1368.218582718667,7.213223468246497
65,872.1095288530643,48.84518003932465,4.325490725729077,53.17067076505373,1591.5769635310526,1538.4062927659852,4.325490725729651
52,677.5286146700834,54.55694039691054,6.146115325128283,60.703055722038826,1791.0150058116474,1730.080990442193,6.377074972530863
75,994.2512017789268,50.386410812565515,5.707835291453582,56.09424610401909,1478.3693242193708,1421.3028471233429,6.680066283446536
56,706.7567957181446,71.53173670553015,6.5663615695992785,78.09809827512943,1782.7214512890105,1704.3881276979826,6.80158688547408
