pid,arrival_time,cpu_bursts_time,io_bursts_time,bursts_time,tat,ready_wait_time,io_wait_time
4,36.410234741616506,12.366709371921363,2.9996914105181203,15.366400782439483,26.41731808286501,11.050917300425517,2.9996914105181247
1,6.433961519607372,26.982015377594287,4.313590779452149,31.295606157046443,60.373205625212,29.077599468165577,4.313590779452143
6,55.7700905881491,16.933705721058104,3.9900539771639494,20.923759698222057,27.755022404156918,6.8312627059348685,3.990053977163953
11,155.63268763406882,13.647951645481497,3.0194794198641604,16.667431065345657,23.015003040154994,6.347571974809313,3.0194794198641546
5,50.48905613378645,25.930721069312213,4.15711013074652,30.08783120005873,149.20263161136447,119.11480041130575,4.15711013074651
10,126.69100100230686,39.1186073385541,5.605752581033783,44.72435991958789,85.95722079877969,41.23286087919186,5.605752581033727
18,275.3171795383209,9.080526398288372,2.1650997294385603,11.245626127726933,17.343789551369696,6.098163423642745,2.165099729438566
15,240.42791579344654,24.07698554358242,5.989166436035186,30.066151979617608,56.12149684055774,26.05534486094001,5.989166436035191
24,320.1637447484156,13.105236070203194,2.4171382982089757,15.522374368412173,29.943012480857874,14.420638112445715,2.417138298208954
19,281.20088550473014,16.003855582364654,2.8817121256737406,18.885567708038394,79.26287386520352,60.377306157165094,2.8817121256738005
23,295.22239024271255,12.763576266077576,1.9422338157590515,14.705810081836626,84.18329084984839,69.47748076801179,1.9422338157590389
28,362.4364238066122,20.984991841492572,4.405253629573464,25.390245471066038,47.951789153709456,22.561543682643446,4.405253629573451
34,414.4141671775419,18.59083219567956,3.820330365622138,22.411162561301698,88.89793689521082,66.48677433390912,3.820330365622169
50,515.79774014462,5.293042834405131,2.384777528370878,7.677820362776009,8.393140905598102,0.7153205428222691,2.384777528370819
51,557.9973141212979,6.015155588720719,1.4825286978647116,7.4976842865854305,9.082575624326182,1.5848913377407143,1.4825286978647227
43,488.14356337375335,17.484505129339865,3.0981754166446693,20.582680545984534,91.44257452907601,70.8598939830917,3.098175416644608
30,397.95026239270686,20.53457749493007,2.5223505496080136,23.056928044538083,189.00250218997547,165.94557414543726,2.5223505496080634
33,412.65787863519654,23.205483206977554,4.341599179559061,27.547082386536612,222.5677637322823,195.02068134574546,4.341599179559182
36,419.2350581569213,21.55039655695237,4.123132442884534,25.673528999836904,300.2312267258183,274.55769772598137,4.123132442884582
64,718.9211193043467,12.971528453230086,3.4144528149259497,16.38598126815603,22.368744916157766,5.982763648001878,3.4144528149258804
46,503.23343687513534,32.29217388450718,3.657702388901305,35.949876273408485,265.0276074277191,229.07773115431047,3.657702388901214
66,782.7336505314202,14.367654300580657,4.859125314632949,19.226779615213605,24.562161136442228,5.335381521228442,4.859125314633161
42,483.1847882261116,15.566148744971606,2.430341401898941,17.99649014687055,327.77044549036435,309.7739553434938,2.430341401898886
53,592.5268899890212,16.533976468376846,3.5268350741848256,20.060811542561673,242.69889467731423,222.6380831347526,3.52683507418476
73,839.0965895755814,17.986117734679294,5.231602500250279,23.217720234929573,28.307215232201543,5.089494997272027,5.231602500250233
60,680.2809113132272,26.285113993659166,4.437936139127358,30.723050132786526,220.73003520976408,190.00698507697746,4.437936139127373
68,788.109253203965,20.68519609608683,3.120923364470402,23.806119460557234,143.26282165443388,119.45670219387671,3.1209233644704
75,915.6195318466359,12.23289774818972,2.893199109400425,15.126096857590142,23.61611304369626,8.252026833711511,3.1311884617948635
62,688.4902395476438,24.311131640615578,2.897575847239165,27.208707487854742,266.19947394963754,238.99076646178287,2.8975758472391817
47,504.8716741978798,31.288093010363678,5.392990319197343,36.68108332956103,482.2625768048055,444.9391992224966,6.03528457194534
80,1005.3641370476092,12.422531970248828,3.56313979694449,15.985671767193319,18.662012061512883,2.6763402943197434,3.563139796944597
83,1019.6390486752218,15.510904834916268,2.573456287227542,18.08436112214381,41.15647563089965,23.041589050513494,2.603981745470037
39,450.5755226054595,16.703806822177693,2.3793432237717824,19.08315004594947,632.2116931158814,613.1285430699321,2.3793432237715706
35,417.4226113805622,38.78471358679494,6.582454813363444,45.367168400158384,693.0164242436382,647.6492558434802,6.582454813363597
25,323.25086785445495,32.70713680498066,2.9717050528192352,35.678841857799895,806.3251284999701,770.6462866421701,2.9717050528192317
82,1018.1957766836854,23.204521354305598,5.412410567315823,28.616931921621422,150.64863524384714,122.03170332222567,5.412410567315874
22,295.2142287687483,17.210516232120955,1.643241726149093,18.85375795827005,908.1458540714281,889.292096113158,1.6432417261491992
72,833.5131216090521,38.89752798596421,5.452570979371094,44.350098965335306,409.7303368628262,365.38023789749104,5.452570979371217
54,603.7905205894176,41.95571889687346,4.684382728019904,46.64010162489336,685.2012421098116,638.5611404849184,4.684382728019955
67,786.9395721835594,27.213624302422847,6.121602569645984,33.33522687206882,530.8687199658068,497.53349309373834,6.1216025696459155
3,34.22413361907681,44.17987386252216,7.1818957623110276,51.36176962483319,1301.71139275115,1250.3496231263168,7.181895762311072
59,665.6795375604922,38.92324230566894,4.744104936573363,43.6673472422423,705.5077194849116,661.629205400174,4.955271779068653
41,481.61864091400804,13.827056651930821,3.188184129075812,17.015240781006632,922.4136788917538,905.3984381107472,3.1881841290758075
2,15.202856621793742,29.04830746339443,5.403451687162772,34.451759150557194,1393.4732731821268,1359.0215140315695,5.403451687162704
69,806.9420941127627,38.72232027985436,4.4520292629148255,43.17434954276918,616.7749427931946,573.6005932504253,4.452029262914948
0,0.9367269092625666,34.97547382209282,5.675542428166423,40.65101625025924,1451.172604109169,1410.5215878589097,5.675542428166389
21,289.38712249886544,31.958435579657962,4.294094922819248,36.252530502477214,1190.596949518972,1154.3444190164942,4.294094922819454
56,608.4768996568807,28.980490457694984,2.437693532332506,31.41818399002749,875.9080688236377,844.4898848336102,2.4376935323325597
57,641.3758059221881,47.82723232215594,7.184581757500919,55.011814079656865,899.6498164066999,844.6380023270432,7.1845817575009505
76,956.5001488373089,32.845913101618954,3.945590232530821,36.79150333414978,617.0612148963726,580.2697115622232,3.9455902325305487
20,288.35252528157713,30.285105359252015,4.70842776380549,34.9935331230575,1302.3755530984258,1267.3820199753684,4.708427763805389
70,814.5966170112737,38.76168647572278,4.659085587973234,43.42077206369602,795.7496647125673,752.328892648871,4.659085587973209
52,586.6432887987085,30.406537155141574,3.4769592885778025,33.88349644371938,1051.2318630695029,1017.3483666257837,3.4769592885775182
32,401.4979596830554,21.138304477003338,2.6978368383452134,23.83614131534855,1244.0159610906942,1220.1798197753458,2.697836838345154
14,207.98393418292423,48.90212118149518,4.750614601102156,53.65273578259734,1491.860714212109,1438.2079784295113,4.750614601102342
71,825.6332005576016,40.73113799270188,4.881206905464733,45.61234489816662,889.1419144823369,843.5295695841701,4.881206905464978
8,98.52384904880059,35.948724429427614,6.030945888337093,41.97967031776471,1624.2815093111212,1582.3018389933568,6.030945888337044
12,195.1427485173891,22.4282653857451,3.077290616840367,25.505556002585465,1558.941541872264,1533.1165381392286,3.3967383472903236
37,423.15683122681963,27.629872574913275,5.706967536927506,33.336840111840786,1334.6917117705466,1301.3548716587056,5.70696753692755
40,458.7483186018119,46.36879538854546,6.695517820888921,53.06431320943439,1313.897090775321,1260.8327775658865,6.695517820888995
74,872.4833301696194,21.77295627852306,4.042250102078482,25.815206380601545,941.095121318582,915.2799149379806,4.042250102078469
44,494.5589546903064,43.291536906416106,5.628436310736169,48.919973217152275,1329.3172421284305,1280.3972689112777,5.628436310736333
61,684.6727948541712,32.565905459601254,4.816012141145118,37.38191760074637,1148.426573916534,1111.0446563157873,4.816012141145279
78,961.431089660481,41.56267994184249,4.914087720899686,46.47676766274217,931.7034815019057,885.2267138391636,4.914087720899715
17,273.6025163632133,37.046583013213194,6.157171984737477,43.203754997950675,1638.9706429834364,1595.766887985486,6.157171984737545
38,448.9487796477101,23.201508497261678,2.816690168338184,26.01819866559986,1473.0881309351237,1447.0699322695236,2.8166901683383685
65,769.271863896699,26.10620839772907,2.9135809127915353,29.019789310520608,1171.668254767901,1142.6484654573806,2.913580912791531
31,401.14579341981283,29.641259467582493,4.022158066327362,33.66341753390986,1563.1157238191427,1529.452306285233,4.022158066327279
29,377.87770533946133,44.71002650182163,6.5608970559966,51.27092355781823,1627.224365317499,1575.9534417596803,6.560897055996861
7,72.22232843072504,42.23856782242325,7.656557402264609,49.89512522468786,1964.8639417377312,1914.9688165130426,7.656557402264639
16,241.63873008153718,48.54006698425941,6.384074233429267,54.924141217688685,1833.6220725804847,1778.6979313627962,6.384074233429544
26,329.04522712171484,27.054024593824543,2.5742833452933738,29.628307939117914,1768.7650502676654,1739.1367423285471,2.57428334529385
77,957.1037752488689,32.491013843971004,4.391765783982624,36.88277962795364,1187.5803855351144,1150.6976059071603,4.391765783982692
13,200.0903162449582,44.20232569135914,4.946478695485381,49.148804386844525,1953.6817541509877,1904.532949764143,4.9464786954854105
81,1006.4137787647727,43.83273444716425,4.838936737867491,48.67167118503174,1192.0948052447548,1143.4231340597235,4.838936737867584
55,603.8967966661277,54.350109291255684,5.240064918253955,59.59017420950963,1614.2201474747776,1554.6299732652678,5.240064918254234
45,495.45286594915507,47.100988115524075,3.833841989441892,50.93483010496597,1758.1641507246038,1707.2293206196377,3.833841989442135
49,515.4672231548965,48.50854513950551,4.782066468541941,53.290611608047456,1777.6835359466718,1724.3929243386253,4.782066468541188
79,981.603979032155,40.70403681724941,3.1247431804382924,43.828779997687704,1346.3473260611963,1302.5185460635084,3.124743180438486
48,509.4511716372513,37.19413788285128,5.797766830259469,42.991904713110735,1835.8286589785776,1792.8367542654673,5.7977668302592065
58,644.7087535114532,28.652278233210236,3.056735301188312,31.709013534398547,1729.4616519422489,1697.75263840785,3.056735301188496
63,693.3778421922076,58.69771674049642,4.5894150791682256,63.28713181966464,1702.5164208411693,1639.2292890215042,4.589415079168248
9,102.6995237235003,52.32144313173311,6.209179487039291,58.53062261877239,2325.154918825957,2266.6242962071847,6.2091794870392505
27,341.7108800973135,39.18229996845453,3.2693516842302337,42.45165165268476,2123.848404009198,2081.396752356514,3.2693516842301165
