pid,arrival_time,cpu_bursts_time,io_bursts_time,bursts_time,tat,ready_wait_time,io_wait_time
0,12.602074266320743,16.921458031156273,2.398299815940791,19.319757847097062,19.3197578470971,0.0,2.398299815940792
2,61.890960026646184,22.451066274193586,3.6678140485376045,26.118880322731197,81.9047995215102,55.785919198779126,3.667814048537579
1,56.65418849547925,29.040378724950553,3.675066369924437,32.71544509487499,96.39825069714522,63.68280560227025,3.675066369924444
3,62.48720345896838,27.673607658281465,3.8589682105284586,31.53257586880992,119.68736643847738,87.26424937315277,4.749509407043021
4,93.49979201292379,27.27621356868297,4.320224785313157,31.596438353996128,227.19685724712636,195.60041889312956,4.3202247853131865
7,151.57183414526278,16.297445835025357,2.28802243054461,18.585468265569965,230.12132500758267,211.5358567420121,2.288022430544629
30,355.14779450141896,7.005985877422365,1.5506984884531023,8.556684365875467,200.3439136902299,191.6738721817784,1.6640556310291004
9,159.4010477447293,23.566689914953294,4.372605603500049,27.939295518453342,515.1069424571539,487.1266999979381,4.413552544262359
8,156.52774437453056,25.41654241158561,5.076393757802581,30.49293616938819,566.272178483494,535.779242314106,5.076393757802549
14,186.44024354060664,23.849015162070224,2.7100166141463298,26.559031776216553,583.4159996797342,556.5339887099799,3.032995807684415
11,165.07048523724626,24.283183739742498,6.129654120518212,30.41283786026071,617.8742609755084,585.9128544543197,7.678222781446436
17,238.4289890757865,20.41344060698413,3.442177619683731,23.855618226667858,607.6603764579075,583.8047582312405,3.4421776196837754
31,357.15279866894116,12.762087755488627,5.503952718752572,18.266040474241194,492.5301501001553,473.7004176530636,6.067644691603675
16,236.48155301809027,22.585394254590025,2.586357420360139,25.171751674950166,654.3819868970949,629.2102352221457,2.586357420360116
12,165.7646409219103,27.904862747634137,4.342852282311929,32.24771502994607,725.5125621603436,692.3872869136056,5.22041249910427
20,271.5134256948753,19.448080823754974,4.1869554936999815,23.635036317454954,649.8430802659876,624.7984719926299,5.596527449603684
23,299.98363014777976,18.980594263889806,5.573460951883623,24.55405521577343,688.8223612283405,664.2683060125679,5.573460951883874
10,163.92367780730788,32.840103280310146,4.554877189005606,37.394980469315755,912.0398015647785,874.378205934918,4.821492349551562
18,247.82912363006653,25.393330052343142,4.463212838840876,29.856542891184016,864.3687987262674,834.4816942702641,4.493774403661746
56,835.2114188143535,5.310314495680347,1.0302805153431516,6.340595011023501,288.38616449375695,282.04556948273387,1.0302805153434065
5,126.56124115687984,42.22582868472192,6.207255380908815,48.43308406563073,1064.3056433007118,1015.3411807087488,6.738633907242331
47,679.853850418661,13.118306560834437,1.069880684773866,14.188187245608304,666.9816130657085,652.793425820102,1.0698806847739206
53,789.8133164227644,10.607657374985477,3.57935383965856,14.187011214644038,641.9203672798304,627.4184859792285,3.894223925617439
6,149.71571526659824,40.840535760707255,4.8577740563862495,45.69830981709351,1288.1396413686139,1241.8240045011257,5.4751011067828586
25,319.7549530836548,27.43929826616736,4.227593444706018,31.666891710873376,1169.1095654501987,1137.1972380643847,4.473029119649254
28,350.312428804941,26.399365643366057,3.4771139604652737,29.87647960383133,1151.4069725701918,1121.2910383000765,3.716568626751723
35,482.4822637294063,21.5130813757869,3.339783199911304,24.85286457569821,1049.4521762286313,1024.0451082799304,3.893986572917015
38,532.4670311999741,20.221799193571695,3.539204023362199,23.761003216933894,1013.3214029972942,989.5603997803631,3.5392040233621174
49,730.5643730488773,16.345034067949765,3.7051509258785322,20.050184993828296,944.26387903059,924.0434884406422,3.8753565220002884
24,312.8081145505406,30.977798595985295,4.824262628820249,35.80206122480554,1362.850791990686,1326.2535074681566,5.6194859265470996
15,203.7444552158191,39.713750705225735,4.247930299049215,43.96168100427495,1531.4243169845963,1486.6386387671146,5.071927512259208
39,548.1193598926624,23.38223633459859,6.248084109494483,29.630320444093073,1222.5394149653184,1192.909094521229,6.248084109494471
26,328.4103231368029,32.078775187060856,4.463658543725054,36.54243373078591,1449.8586147263948,1411.8921485700905,5.887690969246989
19,260.9318788497412,36.29995814601301,5.214562608384268,41.51452075439728,1518.6781127835409,1476.0835660020164,6.294588635514799
42,611.5739509304559,22.888189003822642,3.3005192433881314,26.188708247210776,1169.4866579465797,1142.9885915574685,3.6098773852918384
50,733.900715331592,19.41953775840634,3.6059165368443176,23.02545429525066,1064.1893567314023,1040.3518476315821,4.41797134141666
75,1091.5171248883823,12.911150160028,1.3965365648364223,14.307686724864423,736.3725554588373,721.4522927058076,2.009112593003465
65,950.5298868526583,14.772885787836266,4.396277531058213,19.169163318894476,928.1954011354716,908.582406182792,4.840109164845444
34,453.6527293838911,29.48149944041158,5.228713481344793,34.71021292175638,1435.221805045306,1400.3969400757946,5.343365529103153
57,849.4078444775643,19.726374088928427,2.785914365975123,22.512288454903544,1082.2286759490607,1059.7163874941596,2.785914365975259
54,796.5210815669685,20.83380685553329,3.324761196798682,24.158568052331972,1144.776030604201,1120.5705727979282,3.3716509507424917
71,1022.577798971492,16.492608896646477,3.0361897498211174,19.528798646467596,942.5031055409395,922.2028439075452,3.807652736750015
40,566.026135176671,27.8214692924887,3.8366607142159994,31.658130006704706,1407.8897742882061,1375.6283965022628,4.439908493458347
69,978.0582261241659,17.27849615211489,4.5419595863607,21.820455738475594,998.6526207249544,976.5539808957765,4.820143677065744
13,165.8448656776577,48.30173608947096,6.1465522316091015,54.44828832108006,1817.7148052587527,1762.7660452600016,6.647023909283689
72,1029.3928245571906,16.913499059132675,3.047187595936667,19.960686655069342,965.2334098085892,944.4327725916228,3.8871381578362616
33,435.16034449168455,33.27492721669969,4.0332165342968755,37.30814375099656,1560.9945398084074,1523.2950229527955,4.424589638915961
32,410.2575915513165,33.47194458447689,5.115126021246919,38.5870706057238,1593.3874666134584,1554.1997398511726,5.715782177813082
63,924.8608468324404,19.43169967480279,4.336210821375482,23.767910496178274,1087.0181748283571,1062.8439357304867,4.742539423070411
77,1121.4823217074475,16.607417863065713,3.7351171176450633,20.342534980710774,909.4686885783717,888.4454379559181,4.415832759390014
22,288.38396282966573,41.2303784346379,4.009886411374646,45.24026484601254,1761.7501212535806,1716.3045811080108,4.21516171093657
64,937.0805945109813,20.857182079186586,3.831460965224159,24.688643044410743,1130.4683918660062,1104.8092514271807,4.801958359641958
41,600.2785983703182,31.148265094449545,5.155780697900818,36.304045792350365,1525.3279989636096,1488.4750658166163,5.704668052546708
43,622.9709050213302,30.76786357785748,5.2344436326287935,36.00230721048628,1506.5115585353192,1470.158821224861,5.584873732604024
80,1151.8677126905245,18.54200769373335,4.540236054732267,23.082243748465615,979.6977191379883,956.6154753895237,4.540236054732304
55,797.8010404325786,26.996288585398084,4.573349429248469,31.569638014646554,1360.2283690369195,1328.046580838609,5.1854996129141
58,871.6704223559507,25.458734832843827,5.698863476041605,31.15759830888543,1293.1237656974224,1261.745266943618,5.919763920961486
61,917.1420782437258,25.66368240774717,3.6653826091619104,29.32906501690908,1253.2631718887474,1223.7282238339556,3.8712656470452202
78,1127.945548837316,21.599582804111193,2.9330837588003047,24.5326665629115,1048.3550274144486,1023.2936110751598,3.461833535177675
29,354.48368961284996,44.5655132155217,3.6471538839028996,48.21266709942459,1864.3150106157518,1814.98152272879,4.767974671441607
70,1009.3945323830866,24.79598840812106,6.451454762525849,31.247443170646907,1236.018805068884,1202.9059755213575,8.316841139404232
51,735.0068456216402,33.22373317336872,6.0005212715472265,39.22425444491594,1540.8207409200274,1500.8686482251678,6.728359521490688
66,956.7114667298641,28.602726839420463,5.124392339949529,33.72711917937,1329.239627085738,1295.5125079063662,5.1243923399496225
45,648.994659077562,35.92444868863494,7.126976809628021,43.051425498262965,1643.0492011610995,1599.1160183303382,8.00873414212515
60,912.244072312152,30.103127937908745,5.4051004898730435,35.50822842778179,1382.8244165118565,1346.9780743598021,5.743214214144018
52,772.1072725550883,36.45947383894878,3.742476466354171,40.20195030530295,1556.8223598769318,1516.2337437855856,4.1291422523945585
36,487.0167320489588,43.98723138979664,4.879596910833866,48.86682830063051,1844.9955386910585,1794.8723984887201,6.1359088125396966
48,687.8004998063054,37.83030039137103,5.279718424028645,43.11001881539968,1652.8091443037472,1609.5111465726186,5.467697339754409
21,273.06827396264595,56.023929428179,6.5638622375856635,62.58779166576466,2095.884850790342,2033.0757609270038,6.785160435155603
73,1041.9450409018064,32.580615675956686,4.216118353460019,36.796734029416704,1331.652560933528,1294.25805633432,4.813888923246623
74,1046.476215100356,33.95224112628746,4.509370472946108,38.461611599233564,1351.5099321766202,1312.4519413864073,5.105749663919141
62,921.5251798718429,36.51787305109876,5.812483206856732,42.330356257955486,1482.777136943092,1440.415490685222,5.843773206765036
27,341.88053740660604,54.84380418387557,6.092357188907057,60.93616137278262,2071.789180538647,2009.8254857844497,7.119890570316954
83,1182.122292071872,33.83969852136938,6.057760541395004,39.897459062764376,1242.7500620532069,1201.4484104466253,7.461953085204641
81,1160.4319662237424,38.00309137985985,3.613136486022415,41.616227865882266,1290.753092483272,1248.4659296800296,4.284071423372325
76,1108.9556206846855,39.46947349194374,4.9904890273729885,44.45996251931673,1354.8837034517355,1310.244544477145,5.169685482638442
46,663.0517008386744,48.67831394244733,7.925880307401522,56.60419424984885,1803.2901473891563,1745.6414578715057,8.970375575195362
37,518.8199516822974,54.448690626888286,5.346796145775034,59.795486772663324,1948.6403088038637,1887.7627638688273,6.428854308139535
82,1176.6723086409866,38.27406300306087,6.32562695255352,44.599689955614394,1291.5721103858264,1246.2584934340941,7.039553948660796
59,886.0759170752134,47.95142359813937,5.413459550258574,53.36488314839795,1595.6048652130817,1541.1863518279501,6.4670897869792725
44,627.8099277552894,58.259950347529696,6.187383455390184,64.44733380291989,1871.1910510013383,1806.5092522021039,6.421848451691403
79,1134.5312660295954,53.02913285351732,6.0525257935614745,59.08165864707878,1382.5902327959252,1323.3685206439093,6.192579298479586
67,965.7985223171434,55.108428874016944,6.693475423704451,61.80190429772139,1551.368735996626,1489.4249748796362,6.835332242955246
68,969.5525983602059,73.6846413002403,6.534915748732333,80.21955704897263,1566.5977506030022,1485.708470521221,7.2046387815132675
