pid,arrival_time,cpu_bursts_time,io_bursts_time,bursts_time,tat,ready_wait_time,io_wait_time
0,12.602074266320743,16.921458031156273,2.398299815940791,19.319757847097062,19.319757847097065,0.0,2.398299815940792
2,61.890960026646184,22.451066274193586,3.6678140485376045,26.118880322731197,35.76311198130743,9.64423165857626,3.6678140485375934
4,93.49979201292379,27.27621356868297,4.320224785313157,31.596438353996128,65.26116103423661,33.66472268024049,4.320224785313172
5,126.56124115687984,42.22582868472192,6.207255380908815,48.43308406563073,144.36762487136693,95.93454080573616,6.207255380908833
17,238.4289890757865,20.41344060698413,3.442177619683731,23.855618226667858,52.50670856042342,28.651090333755548,3.4421776196837754
8,156.52774437453056,25.41654241158561,5.076393757802581,30.49293616938819,156.9241105783008,126.43117440891268,5.076393757802549
20,271.5134256948753,19.448080823754974,4.1869554936999815,23.635036317454954,71.1976323254978,47.56259600804293,4.186955493699941
30,355.14779450141896,7.005985877422365,1.5506984884531023,8.556684365875467,11.63471036970526,3.078026003829791,1.5506984884530652
31,357.15279866894116,12.762087755488627,5.503952718752572,18.266040474241194,31.705160568556664,13.346592623024833,5.59648019004328
25,319.7549530836548,27.43929826616736,4.227593444706018,31.666891710873376,74.89308554208469,43.22619383121133,4.227593444705974
32,410.2575915513165,33.47194458447689,5.115126021246919,38.5870706057238,64.16070420508919,25.573633599365337,5.115126021246965
11,165.07048523724626,24.283183739742498,6.129654120518212,30.41283786026071,341.69839805925614,311.2855601989953,6.129654120518239
35,482.4822637294063,21.5130813757869,3.339783199911304,24.85286457569821,42.94471967945924,18.091855103761077,3.3397831999113237
33,435.16034449168455,33.27492721669969,4.0332165342968755,37.30814375099656,116.26230229668795,78.95415854569137,4.033216534296855
39,548.1193598926624,23.38223633459859,6.248084109494483,29.630320444093073,34.357618051056875,4.7272976069640436,6.248084109494471
24,312.8081145505406,30.977798595985295,4.824262628820249,35.80206122480554,347.21886161848784,311.4168003936823,4.824262628820179
41,600.2785983703182,31.148265094449545,5.155780697900818,36.304045792350365,75.42702914312417,39.12298335077389,5.155780697900809
42,611.5739509304559,22.888189003822642,3.3005192433881314,26.188708247210776,96.9534573328092,70.7647490855984,3.3005192433880666
47,679.853850418661,13.118306560834437,1.069880684773866,14.188187245608304,34.51211796320899,20.32393071760066,1.0698806847739206
49,730.5643730488773,16.345034067949765,3.7051509258785322,20.050184993828296,39.60416984791539,19.55398485408739,3.7051509258783426
53,789.8133164227644,10.607657374985477,3.57935383965856,14.187011214644038,17.15931031567061,2.972299101026465,3.579353839658552
51,735.0068456216402,33.22373317336872,6.0005212715472265,39.22425444491594,85.55046321876341,46.3262087738475,6.0005212715472
56,835.2114188143535,5.310314495680347,1.0302805153431516,6.340595011023501,6.340595011023538,0.0,1.030280515343179
55,797.8010404325786,26.996288585398084,4.573349429248469,31.569638014646554,70.37381411973695,38.80417610509062,4.573349429248424
63,924.8608468324404,19.43169967480279,4.336210821375482,23.767910496178274,39.01238667867085,15.24447618249269,4.336210821375403
69,978.0582261241659,17.27849615211489,4.5419595863607,21.820455738475594,26.738174766732755,4.917719028257011,4.541959586360804
70,1009.3945323830866,24.79598840812106,6.451454762525849,31.247443170646907,48.914582873498944,17.66713970285207,6.451454762525714
46,663.0517008386744,48.67831394244733,7.925880307401522,56.60419424984885,410.24046587479324,353.6362716249446,7.925880307401599
64,937.0805945109813,20.857182079186586,3.831460965224159,24.688643044410743,163.07133297929852,138.38268993488748,3.8314609652242098
66,956.7114667298641,28.602726839420463,5.124392339949529,33.72711917937,149.01442208925562,115.16530263301149,5.246392616823641
65,950.5298868526583,14.772885787836266,4.396277531058213,19.169163318894476,174.36516528535583,155.1960019664615,4.396277531058104
77,1121.4823217074475,16.607417863065713,3.7351171176450633,20.342534980710774,42.061520412265736,21.718985431554756,3.7351171176451317
80,1151.8677126905245,18.54200769373335,4.540236054732267,23.082243748465615,38.98330304960609,15.901059301140322,4.540236054732304
60,912.244072312152,30.103127937908745,5.4051004898730435,35.50822842778179,370.8864437364173,335.37821530863584,5.405100489872552
76,1108.9556206846855,39.46947349194374,4.9904890273729885,44.45996251931673,181.94944345102522,137.48948093170839,4.990489027373087
18,247.82912363006653,25.393330052343142,4.463212838840876,29.856542891184016,1099.4918895956234,1069.6353467044394,4.463212838840775
58,871.6704223559507,25.458734832843827,5.698863476041605,31.15759830888543,487.9269114021308,456.63062541436125,5.837551154925791
73,1041.9450409018064,32.580615675956686,4.216118353460019,36.796734029416704,369.41481340369387,332.61807937427693,4.2161183534601605
74,1046.476215100356,33.95224112628746,4.509370472946108,38.461611599233564,370.48004489864024,332.0184332994065,4.509370472946102
7,151.57183414526278,16.297445835025357,2.28802243054461,18.585468265569965,1279.23148870038,1260.64602043481,2.288022430544629
40,566.026135176671,27.8214692924887,3.8366607142159994,31.658130006704706,873.3872501829144,841.7141743811128,3.8516065093128873
23,299.98363014777976,18.980594263889806,5.573460951883623,24.55405521577343,1157.372569049748,1132.818513833975,5.573460951883419
1,56.65418849547925,29.040378724950553,3.675066369924437,32.71544509487499,1419.9231399752052,1387.2076948803303,3.6750663699245294
71,1022.577798971492,16.492608896646477,3.0361897498211174,19.528798646467596,502.44821198574755,482.91941333928025,3.036189749821119
36,487.0167320489588,43.98723138979664,4.879596910833866,48.86682830063051,1042.1006420098183,993.2338137091878,4.8795969108337545
81,1160.4319662237424,38.00309137985985,3.613136486022415,41.616227865882266,391.68439337377754,350.06816550789495,3.613136486022313
43,622.9709050213302,30.76786357785748,5.2344436326287935,36.00230721048628,946.6845933189412,910.6822861084547,5.2344436326288815
34,453.6527293838911,29.48149944041158,5.228713481344793,34.71021292175638,1147.8974400246295,1113.1872271028728,5.228713481345039
82,1176.6723086409866,38.27406300306087,6.32562695255352,44.599689955614394,439.12643260310983,394.52674264749567,6.325626952553193
14,186.44024354060664,23.849015162070224,2.7100166141463298,26.559031776216553,1455.5333279308566,1428.9742961546397,2.710016614146525
54,796.5210815669685,20.83380685553329,3.324761196798682,24.158568052331972,858.7490326903777,834.5904646380455,3.3247611967988178
10,163.92367780730788,32.840103280310146,4.554877189005606,37.394980469315755,1500.6866381907828,1463.2916577214676,4.554877189005509
28,350.312428804941,26.399365643366057,3.4771139604652737,29.87647960383133,1353.6299015664893,1323.7534219626582,3.477113960465317
9,159.4010477447293,23.566689914953294,4.372605603500049,27.939295518453342,1575.930091959766,1547.9907964413126,4.372605603500034
16,236.48155301809027,22.585394254590025,2.586357420360139,25.171751674950166,1505.6614495015438,1480.4896978265938,2.5863574203600592
62,921.5251798718429,36.51787305109876,5.812483206856732,42.330356257955486,838.7835446224002,796.4531883644446,5.8124832068567684
26,328.4103231368029,32.078775187060856,4.463658543725054,36.54243373078591,1488.9227405355416,1452.380306804755,4.46365854372516
15,203.7444552158191,39.713750705225735,4.247930299049215,43.96168100427495,1622.3108951446673,1578.3492141403926,4.247930299049074
45,648.994659077562,35.92444868863494,7.126976809628021,43.051425498262965,1229.8181937353552,1186.7667682370923,7.126976809627649
12,165.7646409219103,27.904862747634137,4.342852282311929,32.24771502994607,1761.9402095831676,1729.6924945532212,4.342852282311981
27,341.88053740660604,54.84380418387557,6.092357188907057,60.93616137278262,1603.7218243311174,1542.785662958335,6.09235718890676
78,1127.945548837316,21.599582804111193,2.9330837588003047,24.5326665629115,839.8270083707691,815.2943418078573,2.9330837588004215
59,886.0759170752134,47.95142359813937,5.413459550258574,53.36488314839795,1090.508461601814,1037.143578453416,5.413459550258608
52,772.1072725550883,36.45947383894878,3.742476466354171,40.20195030530295,1237.1091428372515,1196.9071925319486,3.742476466354219
3,62.48720345896838,27.673607658281465,3.8589682105284586,31.53257586880992,1964.9914079340829,1933.4588320652729,3.858968210528303
57,849.4078444775643,19.726374088928427,2.785914365975123,22.512288454903544,1193.1428485254014,1170.6305600704977,2.785914365975259
72,1029.3928245571906,16.913499059132675,3.047187595936667,19.960686655069342,1059.024306616278,1039.0636199612093,3.047187595936748
38,532.4670311999741,20.221799193571695,3.539204023362199,23.761003216933894,1578.6116274978815,1554.8506242809478,3.5392040233623447
50,733.900715331592,19.41953775840634,3.6059165368443176,23.02545429525066,1388.5996702459101,1365.5742159506594,3.6059165368445747
75,1091.5171248883823,12.911150160028,1.3965365648364223,14.307686724864423,1044.3572709244074,1030.0495841995432,1.396536564836424
6,149.71571526659824,40.840535760707255,4.8577740563862495,45.69830981709351,1997.72499196969,1952.0266821525972,4.857774056385978
61,917.1420782437258,25.66368240774717,3.6653826091619104,29.32906501690908,1256.4204945230522,1227.0914295061436,3.6653826091614974
22,288.38396282966573,41.2303784346379,4.009886411374646,45.24026484601254,1932.2415329507992,1887.0012681047865,4.009886411374794
13,165.8448656776577,48.30173608947096,6.1465522316091015,54.44828832108006,2079.9721865133847,2025.5238981923048,6.1465522316089505
83,1182.122292071872,33.83969852136938,6.057760541395004,39.897459062764376,1096.4770095466492,1056.579550483886,6.0577605413946
68,969.5525983602059,73.6846413002403,6.534915748732333,80.21955704897263,1337.776797144485,1257.5572400955125,6.534915748732146
44,627.8099277552894,58.259950347529696,6.187383455390184,64.44733380291989,1708.6599657964146,1644.1904987149833,6.209516733901637
48,687.8004998063054,37.83030039137103,5.279718424028645,43.11001881539968,1672.9302815482686,1629.8202627328685,5.279718424028374
19,260.9318788497412,36.29995814601301,5.214562608384268,41.51452075439728,2120.8410937536873,2079.326572999291,5.214562608384142
79,1134.5312660295954,53.02913285351732,6.0525257935614745,59.08165864707878,1280.9007740474826,1221.8191154004028,6.0525257935619265
37,518.8199516822974,54.448690626888286,5.346796145775034,59.795486772663324,1910.4133776577964,1850.617890885132,5.346796145775443
21,273.06827396264595,56.023929428179,6.5638622375856635,62.58779166576466,2198.979417379652,2136.3916257138867,6.563862237585511
29,354.48368961284996,44.5655132155217,3.6471538839028996,48.21266709942459,2141.968685373726,2093.7560182743014,3.647153883903229
67,965.7985223171434,55.108428874016944,6.693475423704451,61.80190429772139,1571.2263394700979,1509.4244351723764,6.693475423704626
