pid,arrival_time,cpu_bursts_time,io_bursts_time,bursts_time,tat,ready_wait_time,io_wait_time
1,48.970153714965704,12.374816441399847,2.430489468430898,14.805305909830746,77.06917312554808,62.14296602810764,2.5513906560405957
5,105.62675478898171,8.067607022432638,1.1020241847871062,9.169631207219744,50.650979292488955,41.481348085269204,1.1020241847871262
0,40.26680975369625,44.94004993187444,5.169254227634696,50.10930415950912,122.85095415188523,72.6269905696258,5.283913650385031
2,58.518329076693796,20.72798966262957,4.353586628134928,25.081576290764502,137.9608318975435,112.66401600803042,4.5688262268835516
4,62.88037173646479,47.590926915601464,4.052200984044626,51.64312789964608,165.00310576805347,112.94791293335132,4.464265919100683
3,59.3123154494206,31.65177869638113,4.32782954643563,35.97960824281676,172.4846948751698,136.28189226168408,4.551023917104558
8,196.46842493797016,8.537692945482394,2.8430445079366238,11.380737453419018,121.90395723669207,110.23225160796392,3.134012683245743
6,140.90151209918537,45.05533026502145,5.056309035290296,50.11163930031175,247.37308841913784,196.80624889721008,5.511509256906237
12,262.3392374510511,27.471967404667488,3.4097070380124004,30.881674442679888,234.03360589949477,202.7560564825847,3.80558201224261
7,173.21091272427597,30.130976754619788,5.800154965906296,35.93113172052608,344.45143322559704,308.27769945981504,6.04275701116228
10,216.50207355222108,24.123689317623406,4.8037393998381015,28.92742871746151,347.3501162344751,318.1611255013464,5.0653014155052745
15,305.0791708069971,19.011276738226755,3.505465644538608,22.51674238276536,378.0510187288007,354.8342673781094,4.205474612464627
13,285.33190232149656,18.980396301236297,4.069123903224093,23.04952020446039,425.11918001927444,401.3859866053049,4.752797112733276
25,437.86353321085437,7.78997445098202,2.2140560419653594,10.00403049294738,418.98225427591444,408.97822378296695,2.214056041965364
11,249.6916398371355,31.02513984453962,5.5931770511650045,36.61831689570462,644.6040538605375,607.5228196556146,6.056094360383156
9,205.86032068025315,36.731917063850496,6.7835661960838465,43.51548325993434,689.4495193727149,645.4382845480859,7.2793177607784685
16,326.9809535005515,19.576205232244234,4.01924220293736,23.595447435181597,598.7198150936963,574.554124414147,4.589485447305094
18,346.97837565425283,31.296877343975662,3.783972057285329,35.08084940126099,603.8515862754027,568.3778631057262,4.176845825700809
14,293.46539600801356,35.73237793768735,4.914164272347171,40.646542210034525,681.320733582925,640.4825490551408,5.10580659009679
21,413.7788526593664,29.807842696642638,2.861531686233672,32.669374382876306,574.3705544580467,541.3790031744222,3.183708586981936
20,404.2097362282992,39.57521271601606,3.3259484891988427,42.901161205214905,649.7229561055325,606.0290066584944,4.118736731021954
17,344.0202967441514,22.95628294026365,4.748287617276651,27.704570557540297,809.2640866649965,781.2164937451032,5.091309979629614
41,652.528407284402,16.56332247860615,1.6221654674016786,18.18548794600783,529.5307316016322,511.1939482194898,1.7734609035363746
45,676.768411614362,8.900292141023236,1.9171087680041499,10.817400909027386,750.9205837869448,740.1031828779176,1.917108768004141
23,428.57702505996934,22.951373965706185,3.5682215338374355,26.519595499543623,1024.0071337289144,996.5064352006677,4.549324562540448
33,531.5181914357954,21.314583566078216,3.1690303517407252,24.483613917818943,936.1704343903355,911.6868204725166,3.1690303517406164
60,835.058148422361,6.890244261075113,1.6702247828746435,8.560469043949755,646.1966349767188,637.6361659327688,1.6702247828746977
24,432.4094896745784,30.28249799097701,3.7757502385482056,34.05824822952521,1073.5262775186084,1038.157471696399,5.086307831232375
30,495.93289069515515,15.494222882607527,3.6081733076234697,19.102396190230994,1015.6927413640873,995.4186757404588,4.779842741020957
38,605.1564500053934,32.32649605050087,3.0166897766000456,35.343185827100925,1074.6762824283655,1039.3330966012645,3.016689776600174
28,457.93833955321634,33.722614803751895,4.222236021882478,37.94485082563438,1242.3750805306368,1204.0257389936394,4.6267267332452775
40,638.4348202182257,29.201149243171784,3.1123703784401724,32.31351962161195,1095.4238605709359,1063.110340949324,3.1123703784401187
19,373.07564716993306,32.92911681611593,5.723157263774061,38.652274079889985,1360.8292600190673,1321.5231197343123,6.377023468638811
52,739.8009768651475,15.048188977271478,2.914293395027173,17.962482372298652,1025.012871469953,1006.3879910673901,3.5766914252915285
69,915.7277722621621,15.50352695797821,2.523957237976148,18.027484195954358,924.5632813680162,906.535797172062,2.523957237975992
34,538.5366851427007,32.08653954608174,4.735707658859623,36.82224720494136,1322.805092796913,1285.344290584875,5.374262665956508
51,734.9839609484832,18.03103134856639,2.85709118382361,20.88812253239,1147.6843222584846,1126.626408364246,3.0268825456722652
26,438.45516505389776,34.44499714272962,5.135314984803808,39.58031212753343,1452.573025732323,1412.8458695681634,5.282159021430118
37,600.3339487917639,37.1057027250846,4.0647451577099885,41.17044788279459,1317.1593705091404,1275.9889226263458,4.064745157709922
47,686.4142870634572,11.452075998812191,3.7419876891192083,15.1940636879314,1291.3008791602729,1275.4069616841489,4.441841477312096
32,522.683217262257,33.19845597282858,4.755775385757938,37.95423135858652,1465.907086198093,1427.5049444060312,5.203685819233328
29,460.2238960050534,21.505736222795953,5.111348334061361,26.617084556857318,1533.6493998450828,1506.090980306522,6.052683315764625
27,440.83577545434184,23.532432672971243,5.639897425344083,29.172330098315324,1592.4999011793857,1563.1376702887353,5.829798217679013
44,672.1829036059125,35.975476187152395,4.072030189043444,40.04750637619583,1373.1330956984643,1332.5854565138561,4.5721629974557345
55,781.1466182759517,23.065107874886134,3.438367103069438,26.503474977955573,1275.0743758493804,1248.3559098554908,3.653358119003542
46,686.0956653930374,34.43128979710289,3.83870950564979,38.26999930275268,1391.636813089261,1353.3668137865086,3.8387095056496037
35,569.1593641704682,28.92201776669713,4.94985930001998,33.87187706671711,1519.0225192627067,1484.9249938367104,5.175507659298773
39,636.713831592058,27.16822053694199,4.531062232729292,31.699282769671285,1457.7635798572792,1425.8549510063524,4.740408313984517
61,850.1085076006704,21.09120535623933,3.3839062336921457,24.475111589931476,1288.8735816623998,1264.2395033737448,3.5428729324155483
42,654.4096116152898,27.11861449911408,4.842243805956981,31.960858305071064,1492.4801075610915,1459.8903357922613,5.471157269716514
64,858.274635838297,22.92431270716161,3.8342035143949107,26.75851622155652,1291.0797171966487,1263.8024702762718,4.352934213215235
66,883.6257082347531,19.040880069564988,3.6765545341948482,22.717434603759838,1293.5013461708406,1270.718962604751,3.7415034965245013
77,992.5211447909749,38.824910671748114,3.2958405297904254,42.12075120153854,1190.3472508848615,1148.2264996833228,3.295840529790439
67,900.1335323221871,31.599339858352245,3.2562017211945626,34.85554157954681,1303.9090507050319,1269.0535091254856,3.2562017211943157
79,1027.753268237067,23.528269318192002,3.1738554192029085,26.702124737394904,1180.809395735876,1153.2697305296617,4.011395888022207
59,831.799990581246,20.222250281295594,4.001376263943169,24.223626545238762,1393.7787773334428,1369.0535069811133,4.503020071034371
72,944.3726986521466,25.19958271446567,3.4325102423802676,28.632092956845938,1284.898964028413,1255.7910895209382,3.9082917930093117
75,968.0641566879509,34.97241797017075,3.7145963844850423,38.687014354655794,1278.1953619912579,1239.3085496644494,3.914394356637331
22,415.20106325865936,50.88130399075356,6.68404720397386,57.56535119472742,1843.8975946645505,1785.5117390569778,7.504551616818787
71,941.37586089617,25.39993502611023,3.9720398457105257,29.37197487182076,1343.604394619924,1312.8848094385514,5.319650155262707
63,852.8398673131956,20.548173924452016,4.51076183669157,25.058935761143584,1439.7233492545665,1414.4999849441926,4.675190385922292
56,789.5659456848709,38.95403587218728,4.792591444394446,43.74662731658173,1530.1749543619796,1486.428327045398,4.792591444394475
50,726.3445598203061,32.48238250157313,5.394012108723151,37.87639461029627,1621.8715648094317,1583.8471906808838,5.541991626975005
81,1066.5125471579106,19.324150182922885,4.0514191806030775,23.375569363525962,1282.8682685195242,1259.135920292184,4.408198044417759
83,1081.6225678778012,19.993238529576704,4.268889579335299,24.262128108912005,1286.1692356172787,1261.7147865952725,4.4612104924297
74,957.797629783635,31.313299103511678,4.6073617929287405,35.92066089644041,1418.7921111581227,1382.8640629456304,4.614749108980504
43,667.4676857657333,75.3342195781088,5.433387532251652,80.76760711036044,1722.4541673965591,1641.306452291593,5.813495526857423
76,978.8550244904644,37.933810503871186,4.40940929154795,42.343219795419145,1412.1940419744528,1369.7619529012547,4.498278569327113
68,902.1603758765409,12.91480752265033,4.776012832352877,17.690820355003204,1497.7110238081327,1479.3051353801527,5.491080905329454
73,946.7157159535755,43.813146074174306,4.511867964474876,48.32501403864917,1474.9851298500448,1426.6601158113942,4.511867964475414
36,595.2644164026174,30.582673068858686,6.369541980175743,36.95221504903443,1828.8657005439732,1791.0075388658345,7.275488609280046
53,743.0939797252784,45.721368151531365,5.598796883905393,51.32016503543676,1683.0408812477328,1631.1662362328257,6.153276863375936
65,868.4260889436767,37.04733134218576,5.122558741557032,42.16989008374279,1569.5125397871216,1527.260399651204,5.204808793731786
54,770.2169763026611,41.957330536677055,5.430610984707348,47.387941521384406,1676.8337165829655,1628.9200723470774,5.956313699210682
31,514.7811383644719,76.54672231922258,7.178796550769118,83.72551886999169,1939.2527124437272,1855.5271935737353,7.178796550768993
48,687.4653967094036,47.02137579063267,5.614488243173596,52.63586403380626,1773.7317392978835,1720.740976647913,5.969386859338215
49,693.3327300116648,31.86417438700834,5.659562342239368,37.5237367292477,1769.5456637756092,1731.9744050875083,5.707084301092095
80,1041.2442533192707,22.548729060363648,4.651086331489932,27.19981539185358,1422.5217060738992,1395.1411298064043,4.831847207131432
58,830.9274657665848,31.81654277531647,5.5536360023117135,37.37017877762818,1644.9461485485936,1607.5365800055158,5.593025767761333
82,1076.257945312468,28.060080450112224,4.945262612668006,33.00534306278023,1407.3371894248821,1373.604252023326,5.672856951443691
57,829.6780142359288,34.76945452903839,6.06426540758849,40.83371993662689,1657.1585273646733,1615.8718495054502,6.517223330184834
78,1005.7953834725757,39.58482240989894,5.924000931832364,45.50882334173131,1496.7664042345846,1451.0476349880191,6.133946836666382
70,935.144230739156,51.945748371258986,6.104147635788175,58.049896007047174,1570.3458201263059,1511.1520897530697,7.247982001977334
62,850.8326314552028,38.416034049871556,7.188342115294853,45.60437616516641,1658.2061957128294,1612.1217567636877,7.668404899270172
