pid,arrival_time,cpu_bursts_time,io_bursts_time,bursts_time,tat,ready_wait_time,io_wait_time
1,6.433961519607372,26.982015377594287,4.313590779452149,31.295606157046443,127.13658304642848,95.46882286292748,4.685744805906717
0,0.9367269092625666,34.97547382209282,5.675542428166423,40.65101625025924,170.5814237682271,129.04502870841054,6.560921237723744
4,36.410234741616506,12.366709371921363,2.9996914105181203,15.366400782439483,174.91550394662204,159.08194560089737,3.4668489738032875
2,15.202856621793742,29.04830746339443,5.403451687162772,34.451759150557194,232.09528207573481,197.5307410995643,5.516233512776065
5,50.48905613378645,25.930721069312213,4.15711013074652,30.08783120005873,240.53435880725658,210.1257721219062,4.477865616038095
6,55.7700905881491,16.933705721058104,3.9900539771639494,20.923759698222057,238.49965305082645,217.54838925893594,4.017558070832408
11,155.63268763406882,13.647951645481497,3.0194794198641604,16.667431065345657,252.6606905503853,235.48800610173484,3.5247328031690017
22,295.2142287687483,17.210516232120955,1.643241726149093,18.85375795827005,341.4406335358012,322.5868755775312,1.6432417261490855
12,195.1427485173891,22.4282653857451,3.077290616840367,25.505556002585465,456.4637638988395,430.47905077209145,3.5564477410029838
23,295.22239024271255,12.763576266077576,1.9422338157590515,14.705810081836626,480.1055447119602,465.1704279278485,2.171540518034078
18,275.3171795383209,9.080526398288372,2.1650997294385603,11.245626127726933,544.5615172371515,532.9601395194654,2.5208513193978774
3,34.22413361907681,44.17987386252216,7.1818957623110276,51.36176962483319,792.3136463270333,740.1725220022149,7.961250462296377
19,281.20088550473014,16.003855582364654,2.8817121256737406,18.885567708038394,679.832956150819,660.9473884427804,2.8817121256738005
24,320.1637447484156,13.105236070203194,2.4171382982089757,15.522374368412173,652.8188614069252,637.2422919954678,2.4713333412540237
8,98.52384904880059,35.948724429427614,6.030945888337093,41.97967031776471,917.4478904449556,874.9432668895525,6.555899125975429
9,102.6995237235003,52.32144313173311,6.209179487039291,58.53062261877239,1110.418541455032,1051.146322846171,6.950775477128019
26,329.04522712171484,27.054024593824543,2.5742833452933738,29.628307939117914,895.1996559824111,865.2870486048606,2.858582783725865
30,397.95026239270686,20.53457749493007,2.5223505496080136,23.056928044538083,846.9788585354099,823.6739564009515,2.7703246395283827
13,200.0903162449582,44.20232569135914,4.946478695485381,49.148804386844525,1090.6400575568534,1041.4221441390137,5.015587726480504
7,72.22232843072504,42.23856782242325,7.656557402264609,49.89512522468786,1224.8659595832228,1174.636096522705,7.99129523809421
51,557.9973141212979,6.015155588720719,1.4825286978647116,7.4976842865854305,747.7045128270768,740.1390902704886,1.5502669678672873
25,323.25086785445495,32.70713680498066,2.9717050528192352,35.678841857799895,1016.7200611758994,981.0412193180997,2.9717050528192317
14,207.98393418292423,48.90212118149518,4.750614601102156,53.65273578259734,1147.0219701859432,1093.0938527186422,5.025996285805775
10,126.69100100230686,39.1186073385541,5.605752581033783,44.72435991958789,1249.989332006832,1205.1291117502292,5.741612918048446
27,341.7108800973135,39.18229996845453,3.2693516842302337,42.45165165268476,1069.842288084079,1027.3800373026456,3.279950812978882
39,450.5755226054595,16.703806822177693,2.3793432237717824,19.08315004594947,973.3510758128473,954.2679257668979,2.379343223771798
32,401.4979596830554,21.138304477003338,2.6978368383452134,23.83614131534855,1022.8060151218801,998.9698738065318,2.69783683834504
42,483.1847882261116,15.566148744971606,2.430341401898941,17.99649014687055,994.706425609595,976.6764906719011,2.4637861927222957
50,515.79774014462,5.293042834405131,2.384777528370878,7.677820362776009,1026.6503631731598,1018.2216032597972,3.1357170789573274
38,448.9487796477101,23.201508497261678,2.816690168338184,26.01819866559986,1104.1071505553007,1078.0889518897006,2.8166901683383685
21,289.38712249886544,31.958435579657962,4.294094922819248,36.252530502477214,1303.7779618651377,1267.0496735235347,4.76985276194489
56,608.4768996568807,28.980490457694984,2.437693532332506,31.41818399002749,1037.413398221832,1005.9105750892127,2.5223326749243142
20,288.35252528157713,30.285105359252015,4.70842776380549,34.9935331230575,1426.910921333065,1391.503165696056,5.12265027775743
34,414.4141671775419,18.59083219567956,3.820330365622138,22.411162561301698,1305.7747428624177,1282.9136582418485,4.270252424889691
41,481.61864091400804,13.827056651930821,3.188184129075812,17.015240781006632,1240.0297729121721,1222.3019412566355,3.9007750036058724
43,488.14356337375335,17.484505129339865,3.0981754166446693,20.582680545984534,1250.2718678304475,1229.6062183289782,3.1811443721292108
31,401.14579341981283,29.641259467582493,4.022158066327362,33.66341753390986,1414.6729657941826,1380.775251635015,4.25645469158502
62,688.4902395476438,24.311131640615578,2.897575847239165,27.208707487854742,1142.043584483288,1114.8348769954332,2.8975758472391817
28,362.4364238066122,20.984991841492572,4.405253629573464,25.390245471066038,1498.2875639349372,1472.6301208737946,4.672451219650043
36,419.2350581569213,21.55039655695237,4.123132442884534,25.673528999836904,1450.2556043990087,1424.3220604779697,4.38314736408671
46,503.23343687513534,32.29217388450718,3.657702388901305,35.949876273408485,1390.3564785827834,1354.4066023093749,3.6577023889013844
65,769.271863896699,26.10620839772907,2.9135809127915353,29.019789310520608,1133.8268456320975,1104.3760649920437,3.34457224232483
58,644.7087535114532,28.652278233210236,3.056735301188312,31.709013534398547,1274.5615094992054,1242.06690001941,3.842331246585104
15,240.42791579344654,24.07698554358242,5.989166436035186,30.066151979617608,1678.8961565424995,1648.6821668056614,6.137004193255905
33,412.65787863519654,23.205483206977554,4.341599179559061,27.547082386536612,1549.956954642388,1522.1527063191115,4.598765116299205
52,586.6432887987085,30.406537155141574,3.4769592885778025,33.88349644371938,1388.025137102822,1353.9869166458643,3.631683301815997
53,592.5268899890212,16.533976468376846,3.5268350741848256,20.060811542561673,1386.4486508825667,1366.134460174584,3.7802142396054705
45,495.45286594915507,47.100988115524075,3.833841989441892,50.93483010496597,1496.2995360061461,1445.0586267105073,4.13992118011447
16,241.63873008153718,48.54006698425941,6.384074233429267,54.924141217688685,1791.058578254126,1736.0267753547116,6.491735915155118
75,915.6195318466359,12.23289774818972,2.893199109400425,15.126096857590142,1129.3802258914734,1113.6291385817333,3.518189561550571
17,273.6025163632133,37.046583013213194,6.157171984737477,43.203754997950675,1771.4355944185245,1726.9701542537784,7.418857151532961
68,788.109253203965,20.68519609608683,3.120923364470402,23.806119460557234,1263.9398253535348,1240.1337058929776,3.1209233644702863
64,718.9211193043467,12.971528453230086,3.4144528149259497,16.38598126815603,1394.1051965875317,1377.1903162472213,3.943351887080098
83,1019.6390486752218,15.510904834916268,2.573456287227542,18.08436112214381,1120.283776605019,1102.01065059452,2.762221175583136
79,981.603979032155,40.70403681724941,3.1247431804382924,43.828779997687704,1228.5774182093141,1184.7486382116267,3.124743180438145
49,515.4672231548965,48.50854513950551,4.782066468541941,53.290611608047456,1739.6989591327142,1686.2432957511714,4.947118242037277
60,680.2809113132272,26.285113993659166,4.437936139127358,30.723050132786526,1585.166525877678,1553.6738265445088,5.207585339509706
80,1005.3641370476092,12.422531970248828,3.56313979694449,15.985671767193319,1306.4385497210874,1290.0198431576146,3.996174593223941
54,603.7905205894176,41.95571889687346,4.684382728019904,46.64010162489336,1710.5756969522631,1663.9355953273696,4.684382728020182
74,872.4833301696194,21.77295627852306,4.042250102078482,25.815206380601545,1456.5166754564957,1430.1461595948458,4.597559583127008
37,423.15683122681963,27.629872574913275,5.706967536927506,33.336840111840786,1913.769564511893,1879.0162650488553,7.123426888124754
59,665.6795375604922,38.92324230566894,4.744104936573363,43.6673472422423,1682.5965573325595,1638.2645417560168,5.408773270873553
61,684.6727948541712,32.565905459601254,4.816012141145118,37.38191760074637,1669.150793316197,1631.6780772168458,4.906810639750006
69,806.9420941127627,38.72232027985436,4.4520292629148255,43.17434954276918,1547.698835500547,1504.5244859577779,4.452029262914493
70,814.5966170112737,38.76168647572278,4.659085587973234,43.42077206369602,1550.785311778227,1507.333447110126,4.6901781923780845
76,956.5001488373089,32.845913101618954,3.945590232530821,36.79150333414978,1411.5576913433345,1374.2591265255915,4.45265171612391
63,693.3778421922076,58.69771674049642,4.5894150791682256,63.28713181966464,1679.1357111545667,1615.658482846739,4.779511567330815
44,494.5589546903064,43.291536906416106,5.628436310736169,48.919973217152275,1895.3076271372008,1845.8418068583155,6.174283372469176
55,603.8967966661277,54.350109291255684,5.240064918253955,59.59017420950963,1802.247127066708,1742.4392556946088,5.457762080843736
47,504.8716741978798,31.288093010363678,5.392990319197343,36.68108332956103,1904.39964362749,1866.9735307089045,6.138019908222645
29,377.87770533946133,44.71002650182163,6.5608970559966,51.27092355781823,2033.3248894388169,1981.4800120367279,7.1348509002672245
66,782.7336505314202,14.367654300580657,4.859125314632949,19.226779615213605,1631.4631231388898,1611.9378651432953,5.157603695013677
77,957.1037752488689,32.491013843971004,4.391765783982624,36.88277962795364,1459.8048166076899,1421.919267405603,5.3945353581154905
71,825.6332005576016,40.73113799270188,4.881206905464733,45.61234489816662,1592.5256603805108,1546.6633323602741,5.131190027535013
48,509.4511716372513,37.19413788285128,5.797766830259469,42.991904713110735,1923.93658655215,1879.5072879968645,7.23516067243429
78,961.431089660481,41.56267994184249,4.914087720899686,46.47676766274217,1478.5395790441335,1431.3350325234796,5.641866578811914
35,417.4226113805622,38.78471358679494,6.582454813363444,45.367168400158384,2028.287174832643,1982.6537168621085,6.848744383739529
81,1006.4137787647727,43.83273444716425,4.838936737867491,48.67167118503174,1439.84241342202,1391.0873495435721,4.922329431284197
40,458.7483186018119,46.36879538854546,6.695517820888921,53.06431320943439,1994.7629384642235,1941.048557323998,7.3455857516798915
72,833.5131216090521,38.89752798596421,5.452570979371094,44.350098965335306,1621.0328535337603,1576.6827545684255,5.452570979370762
73,839.0965895755814,17.986117734679294,5.231602500250279,23.217720234929573,1615.7209782663206,1591.8500136250593,5.88484690658197
82,1018.1957766836854,23.204521354305598,5.412410567315823,28.616931921621422,1436.660665597512,1406.3378003676362,7.118343875570417
67,786.9395721835594,27.213624302422847,6.121602569645984,33.33522687206882,1673.6018745788501,1638.8031057799512,7.585144496475436
57,641.3758059221881,47.82723232215594,7.184581757500919,55.011814079656865,1822.717128904731,1767.1632165559379,7.726680026636018
