pid,arrival_time,cpu_bursts_time,io_bursts_time,bursts_time,tat,ready_wait_time,io_wait_time
1,13.145043212065962,11.971498885105422,2.182005977547676,14.153504862653097,24.570287108222168,10.416782245568928,2.1820059775476786
0,7.2291824160584515,30.00698283244547,3.744533870387774,33.75151670283324,44.4348279866652,10.331731985667213,4.0961131685521455
2,58.54688734029667,34.24396862699285,4.735170011430379,38.97913863842323,147.9512292700528,108.97209063163123,4.735170011430405
12,188.2018064787219,4.92402734457361,2.4036236243808,7.327650968954412,64.71832620500265,57.335465964834896,2.4588328955943837
8,158.14650677531955,16.606242127308953,2.558829050359577,19.16507117766853,249.24018155544633,229.91670694251906,2.7172324856172736
3,60.284843719818404,45.52854662164386,7.0847634371301345,52.61331005877401,401.12483197638807,348.17472479903756,7.421560555706577
15,229.5176995281024,17.15595678631735,2.9861215585557668,20.142078344873116,543.0330788447654,522.8910004998891,2.9861215585557943
19,245.9153424192628,17.511561525321834,3.4178815792861355,20.92944310460797,633.5262428758367,612.3494675346245,3.665213815886716
5,99.5711097106454,42.03158549750244,5.937022457529137,47.96860795503157,947.1761527448112,899.191010211676,5.95355703562997
62,698.5346992511129,5.298837507741558,2.523145557582443,7.821983065324001,382.68714335182926,374.7283100369865,2.659995807100927
18,242.16245037362822,20.409139835622884,4.756844611997458,25.16598444762034,854.4447770088764,829.1541439422439,4.881493231006402
25,347.2276380796307,16.108643568368326,3.5480761983422786,19.656719766710605,827.2355756869629,807.578855920251,3.5480761983421303
24,336.40704921680515,17.056031947393844,4.317959677452309,21.37399162484615,866.0435281300955,844.6695365052485,4.317959677452222
29,372.39904687085095,15.752770763938866,4.116042053273647,19.868812817212515,865.0750491954279,844.5179441043653,4.80433432712374
10,182.35794665289995,29.184793458848965,3.4930917597993414,32.677885218648306,1133.1179907328994,1100.3844362319282,3.5487610421216687
7,142.36510927959543,36.217284823918106,3.3521429817447395,39.56942780566285,1228.9522898888831,1189.382862083221,3.3521429817446062
9,178.28436620290356,30.73772312509223,3.1243335201658144,33.86205664525804,1204.66650586648,1170.5064288483798,3.422353893008733
34,436.4410073981668,15.8494982344567,4.104478344926124,19.953976579382825,972.6119278410673,952.485509293836,4.276920312777349
27,356.45242449936757,19.37997790327244,2.776655047975577,22.15663295124802,1056.6397920043455,1034.407059395535,2.8527547055397804
55,618.3012533035777,11.802252514635807,4.248861730493031,16.05111424512884,826.5723385293187,810.4847884140414,4.285297600645322
13,204.69416709026416,29.37321610464385,3.2593898495914564,32.6326059542353,1270.9271748981346,1238.2945689439007,3.2593898495914004
73,830.4553617783449,8.921065639974442,4.380075753073766,13.301141393048209,666.0479408233784,652.0756738669485,5.051201316460947
6,138.5402050840024,39.081368041949226,4.746610713840056,43.82797875578928,1381.5610729891018,1337.3208462562222,5.158858690932988
16,230.54386485016434,28.127622336444688,4.9211497537554605,33.04877209020015,1320.8586622358487,1287.809890145651,4.921149753755344
11,184.00316733878967,32.232238008726355,6.835097944167448,39.067335952893814,1377.653978358207,1338.2349471684427,7.186793181040429
66,753.1309713814372,11.86067698523768,1.4615887809988357,13.322265766236516,826.6710125165406,813.2606628629557,1.5496726683538782
17,234.64878011514443,29.042228383289764,3.2789336054683784,32.321161988758135,1372.6618098500905,1340.1836855308015,3.4358959360026233
44,500.598072624173,17.5006914098591,3.5936697616205606,21.09436117147966,1111.1037335859457,1089.4702523440692,4.132789832023263
20,247.93140841391943,29.498484321392084,7.75770249457295,37.25618681596504,1470.0402658895703,1431.809736156557,8.732045411626473
4,67.3601150878487,64.74821596401486,7.373078093580596,72.12129405759545,1722.0980574841035,1649.26351920472,8.086322315376862
14,213.02537952577072,35.135298703739245,4.870437189490063,40.005735893229314,1632.3245113352582,1591.9808399535032,5.20837267802321
38,472.54518822759337,22.69678570715252,3.865824072034564,26.562609779187085,1381.845260814363,1354.9669664730586,4.181508634161332
45,509.7017701535363,22.454852896550875,3.658864679367083,26.11371757591796,1392.4246869248211,1366.3109693489137,3.658864679367184
41,481.7248049575931,24.43583729026433,3.7550680138546744,28.190905304119006,1467.1204076314393,1438.9295023273312,3.755068013854725
46,512.3896021131368,23.964218072655942,3.2437384812266092,27.207956553882553,1457.695665780524,1430.4877092266536,3.243738481226501
77,841.5892554231986,18.398305774197866,3.37092064060824,21.769226414806106,1166.7443149754845,1144.194476167197,4.15153303410284
74,832.5757655144298,18.714467646150467,2.6767799472995355,21.39124759345,1182.8095136194954,1161.4182660260592,2.676779947299565
57,638.4025535078895,23.616953519951423,3.0897065182383967,26.706660038189817,1442.5702794069912,1415.8636193688162,3.089706518238472
80,871.1180568748683,19.787034928250122,4.847606622184365,24.634641550434488,1235.589285191243,1210.2007155505087,5.601534712499642
54,594.5062102708929,25.085384938388533,4.245959522169283,29.331344460557816,1519.6031187250555,1489.5615240400768,4.956209746605623
70,788.8485482930314,21.600807027820743,3.48833384382202,25.089140871642762,1331.3960563420196,1305.9334466630219,3.8618026511926473
49,536.9510413244623,26.474600415158697,4.453926813336503,30.928527228495202,1586.2400159477413,1555.0240667757455,4.741348756851949
61,695.626819754291,23.97616166512775,4.470652563608229,28.446814228735985,1455.3692880371436,1426.4366526116887,4.95647376034276
82,884.894909311993,21.646126036044524,2.1677872119388373,23.81391324798336,1285.6190860831584,1261.8051728351932,2.1677872119387303
56,621.3113295322689,26.90941380749406,2.8792660004048374,29.788679807898898,1575.69279839332,1544.7720961106543,4.011288475188394
39,478.3246629998806,30.087397154644748,4.361295775666893,34.448692930311644,1727.0212497599127,1692.1989948014489,4.7348578038356095
33,415.8652835972423,32.007871566250905,5.447485678957737,37.455357245208646,1790.8880737134352,1752.8712671600642,6.008934987136229
23,309.35182014289694,36.907269318279354,4.991650496764039,41.89891981504339,1908.6381068212522,1866.4131378817506,5.317699621237864
65,728.0340740560404,25.55567001565298,4.46713075006323,30.022800765716212,1508.6417226479666,1478.0952761550723,4.990776477259828
22,291.21977321254576,38.41287063195027,5.794809826988913,44.20768045893918,1949.7406332678077,1905.5329528088844,5.794809826988853
53,587.9726973388244,29.36965170272361,4.109257767839198,33.47890947056281,1686.342060766009,1652.8631512954648,4.1092577678391535
64,725.4501743617848,27.190554352644817,3.219922557035874,30.410476909680693,1556.5046278951577,1525.815635575866,3.4984379666664154
58,639.3984049970377,29.554241745697926,4.082324714634785,33.63656646033271,1668.2465127344976,1634.543377459806,4.148893529013549
42,490.8339806342866,34.28972216047496,5.704433918985201,39.99415607946016,1867.2499643203741,1826.7823345749953,6.177907584924583
76,835.0173023735393,28.29633258398008,4.418690958406255,32.71502354238634,1544.5576838685993,1511.5687656975017,4.692585587139547
26,350.50453753137015,42.56687261706209,5.262052698037374,47.828925315099454,2097.141243478247,2048.7536742251577,5.82069663604932
72,811.7776432230388,31.181324603447983,5.473089873409612,36.6544144768576,1639.9932587670837,1603.3388442902503,5.47308987340989
31,407.15988892417664,40.4682099803836,4.884584371029774,45.35279435141337,2050.5935665454786,2004.5421585785248,5.58319798659295
32,410.92619986339093,40.86351355689445,4.82996895796461,45.693482514859056,2055.9081585689414,2008.8248847757961,6.219760236273032
67,755.2933896297584,33.032678672226496,5.328824171262256,38.36150284348875,1718.869301620409,1680.4624721288699,5.374150819337274
78,842.4763189791555,31.868483376778023,5.8396484107344255,37.70813178751246,1639.149773862584,1600.9090520813252,6.372238404506788
43,491.7063955399636,39.09577032860344,4.308442412897763,43.404212741501205,1997.8314076466932,1953.6729261797732,5.062711138341285
68,763.9669772126822,34.4231146595506,5.34879962906878,39.771914288619385,1741.9902376292803,1702.1282495930038,5.438873376752099
60,663.2160314395467,36.786259781122816,6.704624932960239,43.49088471408305,1859.7254276691735,1816.0144966513942,6.924671236683253
81,876.6843990728221,33.78412146331359,5.228160578644254,39.01228204195784,1653.0344843895014,1613.8160959230481,5.434267003167747
79,863.9106307573632,34.30735575120198,4.512029468017086,38.81938521921907,1674.6904833811375,1635.7512307139993,4.631896915964262
30,391.5594841531813,45.52985588341105,4.651014413395627,50.18087029680668,2156.4651594896604,2105.71182012216,5.223483484115604
59,650.5331587430318,39.7136116149771,3.90991443889932,43.62352605387642,1915.0781033019025,1871.2763121789844,4.088179507970381
69,787.4990468363335,37.75484678529667,5.46207694082506,43.216923726121735,1787.1547240712675,1743.191266003852,6.20861128214915
51,564.3336724470879,42.45818977281977,5.964832784127857,48.42302255694762,2017.7735257021118,1969.2266192248835,6.088716704437729
50,543.7547015343064,43.699488741333575,4.378988735745333,48.078477477078906,2046.2179887949871,1997.523469251583,4.9950308021010414
63,703.8089255940698,41.50261759788596,5.554010029657656,47.05662762754361,1901.406148125432,1853.696725686932,6.206804840645418
28,359.33491753249376,51.62107082953297,4.615030074285693,56.23610090381865,2255.1768128661947,2198.2448955821674,5.3108464545251195
36,448.5955272456535,47.6525146622973,7.732241545703268,55.384756208000574,2166.343379173002,2110.7527146035286,7.9381499072080715
71,792.2851599027657,41.40235503598082,5.710495242194124,47.112850278174946,1832.6314419529886,1785.1579969814507,6.071089935590862
47,515.5435985937185,47.39222676550387,6.61311999592636,54.00534676143023,2113.3692479916253,2059.1272463291007,6.849774897052839
35,440.1750323124532,52.11922344777534,5.88252401030757,58.00174745808291,2208.913933024521,2150.4897314379364,6.304978138844547
37,461.95562104525567,52.09839274307632,5.73809440765326,57.83648715072958,2191.373031382474,2133.3301933877765,5.944445251656248
83,914.6475447524755,44.07720099598607,4.53510339592508,48.612304391911145,1741.0931133158692,1691.7850288683276,5.2308834515933995
21,272.033768270217,61.87118407596836,5.681504462032034,67.5526885380004,2387.9469602373533,2319.783905584665,6.291870576754036
48,519.6635416598849,54.32214374937621,5.817331549454538,60.139475298830746,2149.9629224562914,2089.078595747401,6.562182959553638
52,583.5006258366399,55.469372754187255,7.748432601899255,63.21780535608652,2095.539699663499,2031.891379088326,8.17894782102735
75,834.2854338652522,53.04802053599223,5.691813182815216,58.73983371880744,1848.6117442666045,1789.5596267572328,6.0040969734249074
40,478.7307981619803,76.87574434439821,7.408567891649782,84.28431223604801,2221.155471951623,2136.2158855143853,8.06384209289729
